Mean:
 -8.72761 -0.431893  -2.12832
Variance:
 1.21998e-05 -7.75773e-06 -6.98363e-07
-7.75773e-06  1.27534e-05  2.14519e-06
-6.98363e-07  2.14519e-06  1.01816e-05

Mean:
 -10.5073  -1.22732 -0.955484
Variance:
 6.08709e-06 -1.05061e-06 -2.23281e-06
-1.05061e-06  7.17992e-06   2.8101e-06
-2.23281e-06   2.8101e-06  7.33246e-06

Mean:
 -8.73844 -0.542682  -2.22919
Variance:
 2.48233e-05 -1.87633e-05  -6.6676e-06
-1.87633e-05  2.19096e-05  7.11847e-06
 -6.6676e-06  7.11847e-06   1.0069e-05

Mean:
-10.1048 -1.21988  1.09092
Variance:
  8.4288e-06 -6.00842e-06 -5.04313e-06
-6.00842e-06  1.82286e-05  7.48239e-06
-5.04313e-06  7.48239e-06  1.04795e-05

Mean:
 -9.27153 -0.499979  0.997356
Variance:
 2.10758e-05 -1.05039e-05 -1.99998e-05
-1.05039e-05  1.82453e-05  1.31035e-05
-1.99998e-05  1.31035e-05  3.50972e-05

Mean:
 -9.07592 -0.291545  -3.41876
Variance:
 9.25784e-06 -7.81017e-06 -4.84605e-06
-7.81017e-06  2.62239e-05  1.39746e-05
-4.84605e-06  1.39746e-05   1.2525e-05

Mean:
-8.81866 -1.12894 -2.42517
Variance:
 2.12517e-05 -1.80311e-05 -9.04222e-06
-1.80311e-05  2.57824e-05   9.0784e-06
-9.04222e-06   9.0784e-06  1.07103e-05

Mean:
 -8.71998 -0.530386  -1.38145
Variance:
 2.29135e-05  -1.7638e-05 -1.02583e-05
 -1.7638e-05  2.25515e-05  9.73403e-06
-1.02583e-05  9.73403e-06  1.11678e-05

Mean:
  -8.69172   -1.23721 -0.0226954
Variance:
 8.08754e-06 -4.93607e-06 -4.77986e-06
-4.93607e-06  1.54355e-05  2.85024e-06
-4.77986e-06  2.85024e-06  1.08085e-05

Mean:
 -10.5801 -0.939281 -0.796659
Variance:
 7.47409e-06 -3.67171e-06  -6.8039e-06
-3.67171e-06  1.65841e-05  1.59957e-05
 -6.8039e-06  1.59957e-05  2.63673e-05

Mean:
 -9.62791 0.0371016  -2.17222
Variance:
 2.30806e-05 -3.49521e-06  -7.1664e-06
-3.49521e-06  9.00925e-06  3.84004e-06
 -7.1664e-06  3.84004e-06  9.88139e-06

Mean:
 -10.0876 -0.180955   -2.9111
Variance:
 1.06761e-05 -8.10395e-07 -7.38986e-06
-8.10395e-07  6.55633e-06  2.81775e-06
-7.38986e-06  2.81775e-06  1.48426e-05

Mean:
  -9.2039 -0.204332  -3.17204
Variance:
 7.18719e-06  -2.9339e-06 -3.33113e-06
 -2.9339e-06  9.10572e-06  4.53156e-06
-3.33113e-06  4.53156e-06  1.37008e-05

Mean:
 -10.6357 -0.829301  -1.29054
Variance:
1.18642e-05 4.19537e-06 3.43924e-06
4.19537e-06 1.20935e-05 7.70092e-06
3.43924e-06 7.70092e-06  1.4448e-05

Mean:
-8.97369 -1.23262 -3.64841
Variance:
 1.31969e-05 -7.49005e-06  9.39578e-07
-7.49005e-06   1.3522e-05   -2.213e-06
 9.39578e-07   -2.213e-06  6.91579e-06

Mean:
 -10.2986 -0.171627  -2.34396
Variance:
1.57677e-05 2.41059e-06 5.42373e-06
2.41059e-06 7.40389e-06 4.70361e-06
5.42373e-06 4.70361e-06 1.32177e-05

Mean:
 -10.506 -1.21655 -3.11419
Variance:
 9.80621e-06  3.24226e-06 -1.18245e-06
 3.24226e-06  1.91199e-05  3.19478e-06
-1.18245e-06  3.19478e-06  6.65054e-06

Mean:
-10.7841 -1.22687 -2.82681
Variance:
 2.46548e-05 -8.42497e-06 -5.52105e-06
-8.42497e-06  1.01899e-05  4.12256e-06
-5.52105e-06  4.12256e-06  7.42004e-06

Mean:
  -9.1339 -0.124673  -2.72028
Variance:
 1.55672e-05 -9.32955e-06  -7.5072e-06
-9.32955e-06  1.36916e-05  7.78847e-06
 -7.5072e-06  7.78847e-06  1.01957e-05

Mean:
 -10.5232 -0.374956  -0.36596
Variance:
  1.0438e-05 -7.10788e-06 -6.04814e-06
-7.10788e-06  1.51253e-05  8.17248e-06
-6.04814e-06  8.17248e-06  1.17838e-05

Mean:
 -9.77641 -0.180174  -2.75117
Variance:
 1.17995e-05 -8.81272e-06 -7.20551e-06
-8.81272e-06   1.8898e-05  1.04094e-05
-7.20551e-06  1.04094e-05   1.2305e-05

Mean:
-10.7901 -1.21173 0.802152
Variance:
  1.1479e-05 -3.61386e-06 -1.30214e-05
-3.61386e-06  1.27082e-05  1.01321e-05
-1.30214e-05  1.01321e-05  2.85437e-05

Mean:
 -10.1049 -0.692067   1.05216
Variance:
 6.84283e-06 -4.21498e-06 -3.98152e-06
-4.21498e-06  1.76155e-05  7.74565e-06
-3.98152e-06  7.74565e-06  1.16451e-05

Mean:
 -8.8551 -1.23003 -3.37788
Variance:
 1.14565e-05 -5.36904e-06 -5.06099e-06
-5.36904e-06  9.96676e-06  5.51779e-06
-5.06099e-06  5.51779e-06  9.10551e-06

Mean:
 -9.98203  -0.24239 -0.567147
Variance:
  1.2248e-05 -6.67692e-06 -1.24008e-05
-6.67692e-06  1.15639e-05  1.09592e-05
-1.24008e-05  1.09592e-05  2.31433e-05

Mean:
  -9.3363 -0.723352  -3.62704
Variance:
 1.48056e-05 -8.68119e-06 -1.25495e-05
-8.68119e-06  1.27954e-05  1.31537e-05
-1.25495e-05  1.31537e-05  2.77367e-05

Mean:
  -10.3382 -0.0330565  -0.945238
Variance:
 1.31989e-05 -6.85939e-06 -2.54298e-06
-6.85939e-06  1.46055e-05  2.95183e-06
-2.54298e-06  2.95183e-06     9.75e-06

Mean:
  -8.7195 -0.641759   0.48447
Variance:
  1.8418e-05 -5.36816e-06  -4.6508e-06
-5.36816e-06  8.88683e-06  3.28491e-06
 -4.6508e-06  3.28491e-06  8.00072e-06

Mean:
 -10.139 -1.23195 -3.87966
Variance:
 1.65388e-05 -2.44777e-06  5.57429e-06
-2.44777e-06  6.12854e-06  6.34409e-08
 5.57429e-06  6.34409e-08  1.09081e-05

Mean:
 -10.6235 -0.425266   -1.2868
Variance:
1.46543e-05 4.80151e-06 4.62405e-06
4.80151e-06 1.07547e-05 6.92851e-06
4.62405e-06 6.92851e-06 1.35556e-05

Mean:
 -9.66458 -0.331352  0.445085
Variance:
 8.23657e-06 -1.28898e-06 -4.24079e-06
-1.28898e-06  1.64936e-05  8.90618e-06
-4.24079e-06  8.90618e-06  1.52952e-05

Mean:
-8.73679 -0.52262 -2.79027
Variance:
 2.16586e-05 -5.37701e-06 -7.88993e-06
-5.37701e-06  1.00366e-05  4.86582e-06
-7.88993e-06  4.86582e-06  9.13919e-06

Mean:
  -9.9244 0.0401082   -2.0014
Variance:
  1.2742e-05  1.02857e-06 -2.68261e-06
 1.02857e-06  8.72662e-06  3.18765e-06
-2.68261e-06  3.18765e-06  8.02218e-06

Mean:
 -10.1445 -0.198019  -3.04075
Variance:
 6.78452e-06 -4.08268e-06 -2.57624e-06
-4.08268e-06  2.16717e-05  9.43781e-06
-2.57624e-06  9.43781e-06  1.05861e-05

Mean:
 -10.3646 -0.418335  0.648013
Variance:
 6.46806e-06 -2.39473e-06 -6.65725e-06
-2.39473e-06  8.64757e-06  7.17534e-06
-6.65725e-06  7.17534e-06  2.51536e-05

Mean:
-10.3015 -0.11842 -2.55154
Variance:
 7.88279e-06 -2.58981e-06 -5.40061e-06
-2.58981e-06  1.02824e-05  7.84598e-06
-5.40061e-06  7.84598e-06  1.77738e-05

Mean:
-8.54382 -1.24128 -2.58321
Variance:
 1.35259e-05 -1.06702e-05 -5.80249e-06
-1.06702e-05  3.09802e-05  5.04496e-06
-5.80249e-06  5.04496e-06  9.28723e-06

Mean:
-8.60376 -1.21282  1.12709
Variance:
 1.19868e-05 -1.00809e-05 -5.65236e-06
-1.00809e-05  4.11239e-05   3.0288e-06
-5.65236e-06   3.0288e-06  1.15161e-05

Mean:
 -8.5962 -1.22329 -2.22073
Variance:
 2.99401e-05 -1.38893e-05 -1.90879e-05
-1.38893e-05   1.3528e-05   1.1578e-05
-1.90879e-05   1.1578e-05  1.89067e-05

Mean:
-9.24981  -1.2639  1.26009
Variance:
 8.76094e-06  1.62964e-06 -1.36893e-06
 1.62964e-06  3.14524e-05  1.16295e-05
-1.36893e-06  1.16295e-05   1.1569e-05

Mean:
-10.3727 -1.22375 -4.02695
Variance:
 8.22714e-06   1.4317e-09 -2.08657e-07
  1.4317e-09  1.82553e-05  9.37909e-06
-2.08657e-07  9.37909e-06  1.14947e-05

Mean:
 -10.3635 -0.213834 -0.610461
Variance:
 9.82567e-06 -5.45841e-06 -6.67349e-06
-5.45841e-06  1.09964e-05  6.51666e-06
-6.67349e-06  6.51666e-06  1.27035e-05

Mean:
-9.55052 -0.99997  1.14378
Variance:
 8.62631e-06 -4.68052e-06 -6.81831e-06
-4.68052e-06  1.92838e-05  1.48806e-05
-6.81831e-06  1.48806e-05  2.28507e-05

Mean:
  -10.458 -0.253978 -0.611948
Variance:
 1.71444e-05  2.46963e-07 -5.11177e-06
 2.46963e-07  5.80888e-06  2.16615e-06
-5.11177e-06  2.16615e-06  8.45198e-06

Mean:
-8.75146 -1.23675 -2.89169
Variance:
 2.03889e-05 -5.64175e-06 -2.03673e-05
-5.64175e-06  8.18496e-06  7.24309e-06
-2.03673e-05  7.24309e-06  3.26784e-05

Mean:
-10.4277 -1.21121 -3.25156
Variance:
 1.00078e-05 -4.28824e-06 -7.31028e-08
-4.28824e-06  1.67281e-05 -1.82806e-06
-7.31028e-08 -1.82806e-06  8.08572e-06

Mean:
 -10.4062  -0.14736 -0.851311
Variance:
 1.35377e-05   9.9312e-06 -2.57269e-06
  9.9312e-06  1.75843e-05  1.14297e-06
-2.57269e-06  1.14297e-06  8.35818e-06

Mean:
  -9.10302 -0.0752044   -2.49765
Variance:
 1.32988e-05  3.22704e-06 -2.59717e-06
 3.22704e-06  1.48576e-05  5.64049e-06
-2.59717e-06  5.64049e-06  8.56093e-06

Mean:
-9.85824  -0.5949 -3.55931
Variance:
  9.3837e-06 -3.22708e-06 -2.36475e-06
-3.22708e-06  8.64043e-06  4.36874e-06
-2.36475e-06  4.36874e-06   8.5072e-06

Mean:
-9.32755 -1.23583 -3.54244
Variance:
 2.79773e-05 -8.82075e-06 -6.91487e-06
-8.82075e-06  9.79115e-06  4.23776e-06
-6.91487e-06  4.23776e-06  7.69108e-06

Mean:
 -10.5933 -0.499442 0.0161074
Variance:
 7.03957e-06 -3.46256e-06 -4.51412e-06
-3.46256e-06  1.02089e-05  4.92558e-06
-4.51412e-06  4.92558e-06   1.0752e-05

Mean:
 -9.82261 -0.615873   1.09393
Variance:
 1.00496e-05 -1.12998e-06 -7.04015e-06
-1.12998e-06   2.1316e-05 -2.50066e-06
-7.04015e-06 -2.50066e-06  1.48503e-05

Mean:
 -9.61128 -0.437836  0.902933
Variance:
 9.90686e-06 -3.48723e-06 -6.90616e-06
-3.48723e-06  1.11398e-05   2.1087e-06
-6.90616e-06   2.1087e-06  2.43878e-05

Mean:
 -10.1381 -0.468215  -1.64996
Variance:
 1.15894e-05 -1.17443e-06 -5.50556e-06
-1.17443e-06  8.78714e-06  3.44186e-06
-5.50556e-06  3.44186e-06  1.12036e-05

Mean:
  -8.7636 -0.748089  -2.91285
Variance:
 2.20811e-05 -3.52907e-06 -6.96769e-06
-3.52907e-06  1.09273e-05  5.01774e-06
-6.96769e-06  5.01774e-06  9.79621e-06

Mean:
-10.5853 -1.21921 -2.32093
Variance:
 8.37409e-06 -1.44188e-07 -2.14604e-06
-1.44188e-07   7.3448e-06  2.32674e-06
-2.14604e-06  2.32674e-06  8.00413e-06

Mean:
  -9.08033 -0.0694924   -2.39563
Variance:
 2.10354e-05 -1.25257e-05 -1.26503e-05
-1.25257e-05  1.54741e-05  1.08091e-05
-1.26503e-05  1.08091e-05   1.5042e-05

Mean:
 -8.73482 -0.458183 -0.409576
Variance:
 1.10787e-05 -1.29491e-05   -9.632e-06
-1.29491e-05  4.88418e-05  1.88683e-05
  -9.632e-06  1.88683e-05  1.73628e-05

Mean:
 -8.72529 -0.794543  -1.35554
Variance:
 8.69977e-06 -4.47098e-06 -1.16308e-06
-4.47098e-06  8.50429e-06  2.71643e-06
-1.16308e-06  2.71643e-06  2.36002e-05

Mean:
 -8.72418 -0.552963  -2.06259
Variance:
 1.06094e-05 -6.53659e-06 -9.93594e-06
-6.53659e-06  1.27998e-05  1.14323e-05
-9.93594e-06  1.14323e-05  2.39355e-05

Mean:
 -9.57163 -0.264959 -0.573284
Variance:
 8.03136e-06  2.27903e-06 -5.43385e-06
 2.27903e-06    1.798e-05  6.55047e-07
-5.43385e-06  6.55047e-07  1.02087e-05

Mean:
 -9.33749 -0.198808  -3.19066
Variance:
 4.99798e-05 -2.54682e-05 -1.69175e-05
-2.54682e-05  2.20266e-05  1.21788e-05
-1.69175e-05  1.21788e-05  1.40424e-05

Mean:
 -10.5853 -0.811477 -0.960738
Variance:
 5.56007e-06  4.35616e-07 -4.44502e-07
 4.35616e-07  9.85978e-06  1.07089e-05
-4.44502e-07  1.07089e-05  3.98779e-05

Mean:
-9.69807 -0.20265 -3.28729
Variance:
 8.11671e-06 -3.79347e-06  6.41527e-07
-3.79347e-06  1.40092e-05 -1.69043e-06
 6.41527e-07 -1.69043e-06  9.61928e-06

Mean:
 -10.6667  -1.22943 0.0150394
Variance:
 1.36153e-05 -2.15996e-06 -4.61275e-06
-2.15996e-06  9.89811e-06  5.44028e-06
-4.61275e-06  5.44028e-06  1.04976e-05

Mean:
 -8.76393 -0.376214  -1.78311
Variance:
 2.20455e-05 -8.14007e-06 -1.82598e-05
-8.14007e-06  9.32127e-06  8.65519e-06
-1.82598e-05  8.65519e-06  2.21909e-05

Mean:
 -10.5448 -0.238567  -0.65722
Variance:
 1.37124e-05  9.09464e-06 -6.70774e-06
 9.09464e-06  1.74775e-05 -3.15744e-06
-6.70774e-06 -3.15744e-06  9.38519e-06

Mean:
 -9.09215 0.0675716  -1.70287
Variance:
 1.77676e-05 -9.07121e-06 -8.38798e-07
-9.07121e-06  1.20868e-05  2.59422e-06
-8.38798e-07  2.59422e-06  8.90903e-06

Mean:
 -8.91346 -0.185968 -0.823887
Variance:
 1.06175e-05  6.07847e-07 -1.27193e-06
 6.07847e-07  1.38847e-05  6.76685e-06
-1.27193e-06  6.76685e-06  1.09682e-05

Mean:
 -10.1854 -0.232559 -0.697945
Variance:
  7.5204e-06 -1.10314e-06   6.3614e-07
-1.10314e-06  8.20292e-06  2.87973e-06
  6.3614e-07  2.87973e-06   1.2764e-05

Mean:
-8.79487 -1.22811 -3.25364
Variance:
 1.48974e-05 -5.26936e-06 -4.94724e-06
-5.26936e-06  9.52334e-06  4.96903e-06
-4.94724e-06  4.96903e-06  1.07716e-05

Mean:
   -9.247 -0.189673   -3.0539
Variance:
 9.53847e-06  1.99256e-06 -2.51687e-06
 1.99256e-06  1.31419e-05  2.14657e-06
-2.51687e-06  2.14657e-06  6.94262e-06

Mean:
 -10.2022 -0.234272  -1.80661
Variance:
 1.57077e-05 -1.16231e-05 -5.65443e-06
-1.16231e-05    2.437e-05  8.78332e-06
-5.65443e-06  8.78332e-06    1.046e-05

Mean:
-10.1238 -1.23818 -3.49709
Variance:
 8.92247e-06 -1.70409e-06 -1.34006e-06
-1.70409e-06   2.6313e-05  2.51093e-06
-1.34006e-06  2.51093e-06  6.62509e-06

Mean:
 -10.5985  -0.73009 -0.148619
Variance:
 8.46238e-06  1.58021e-06 -2.66767e-06
 1.58021e-06  8.23257e-06  2.42132e-06
-2.66767e-06  2.42132e-06  9.19449e-06

Mean:
 -10.5503 -0.416459 0.0441829
Variance:
6.39309e-06 2.46154e-06 5.50981e-07
2.46154e-06 2.14773e-05 1.57875e-05
5.50981e-07 1.57875e-05 2.22295e-05

Mean:
-10.4487  -1.2253 -3.85458
Variance:
 3.18722e-05 -1.05968e-05 -4.83424e-06
-1.05968e-05  9.80619e-06  3.10412e-06
-4.83424e-06  3.10412e-06  6.34554e-06

Mean:
 -10.4769 -0.256856   -2.3127
Variance:
7.15655e-06 7.77056e-06 3.04126e-06
7.77056e-06 4.28973e-05 1.90362e-05
3.04126e-06 1.90362e-05 1.47395e-05

Mean:
 -8.76784 -0.376397  -1.73712
Variance:
 1.31062e-05 -1.56143e-05 -1.74255e-05
-1.56143e-05  3.49946e-05  3.36492e-05
-1.74255e-05  3.36492e-05  4.09419e-05

Mean:
-10.6402 -0.52868 -2.20575
Variance:
 6.52979e-06  2.61662e-06 -1.61378e-07
 2.61662e-06  2.11976e-05  9.92864e-06
-1.61378e-07  9.92864e-06  1.15524e-05

Mean:
 -9.31269 -0.449226    0.9134
Variance:
 7.31394e-06 -3.31965e-06 -3.86516e-06
-3.31965e-06  2.26425e-05  4.41775e-06
-3.86516e-06  4.41775e-06  9.03121e-06

Mean:
 -10.4589  -1.22797 -0.245682
Variance:
 6.58729e-06 -3.27182e-07 -1.19603e-06
-3.27182e-07  1.03308e-05   3.9959e-06
-1.19603e-06   3.9959e-06  1.00931e-05

Mean:
-9.53196 -1.22596 -3.76497
Variance:
1.72463e-05 -1.1385e-06 6.56775e-06
-1.1385e-06 6.67115e-06 2.15502e-06
6.56775e-06 2.15502e-06 1.30719e-05

Mean:
 -10.2579 -0.309383 -0.400568
Variance:
 6.78376e-06 -2.59971e-06 -7.12554e-06
-2.59971e-06  8.72341e-06  7.48011e-06
-7.12554e-06  7.48011e-06  2.14644e-05

Mean:
 -8.82119  -1.16805 -0.471648
Variance:
 2.80489e-05 -1.02497e-05  -3.6214e-05
-1.02497e-05  1.17897e-05  1.46164e-05
 -3.6214e-05  1.46164e-05   5.6895e-05

Mean:
  -8.7156 -0.532768  -1.20717
Variance:
 9.10879e-06 -9.26004e-06 -5.68694e-06
-9.26004e-06  2.55688e-05  7.69035e-06
-5.68694e-06  7.69035e-06  1.12316e-05

Mean:
 -8.9553 -1.23074  -3.5565
Variance:
 1.12779e-05 -1.73329e-06 -1.32393e-06
-1.73329e-06  2.61797e-05  1.53849e-05
-1.32393e-06  1.53849e-05  1.52652e-05

Mean:
-8.84683  -1.2245 -3.63401
Variance:
 1.08412e-05 -8.86171e-07 -2.26823e-06
-8.86171e-07  1.57626e-05  1.83377e-06
-2.26823e-06  1.83377e-06  5.67376e-06

Mean:
-8.73985 -0.43003 -1.74259
Variance:
 4.91736e-05 -2.66346e-05 -3.51648e-05
-2.66346e-05  2.22851e-05  2.19382e-05
-3.51648e-05  2.19382e-05  3.18616e-05

Mean:
 -9.87671 -0.434376  -3.54813
Variance:
 1.24164e-05 -7.86228e-06  4.00564e-06
-7.86228e-06   1.5814e-05 -3.67789e-06
 4.00564e-06 -3.67789e-06  1.19052e-05

Mean:
-8.79325 -0.51192 -3.12625
Variance:
 1.12586e-05 -1.06547e-06 -1.62142e-06
-1.06547e-06  2.39712e-05  1.16563e-05
-1.62142e-06  1.16563e-05  1.09766e-05

Mean:
 -8.74072 -0.430057   -1.9218
Variance:
 8.45427e-06   -2.447e-06 -8.40021e-06
  -2.447e-06  1.05811e-05  3.25598e-07
-8.40021e-06  3.25598e-07  2.08552e-05

Mean:
-9.82196 -1.21329  1.15128
Variance:
 1.81957e-05 -1.78583e-05 -1.32749e-05
-1.78583e-05  3.55617e-05  1.92405e-05
-1.32749e-05  1.92405e-05  1.77578e-05

Mean:
 -9.60288 -0.181175  -2.69242
Variance:
 2.98508e-05 -4.86303e-06  -2.7127e-06
-4.86303e-06  7.72275e-06   3.3931e-06
 -2.7127e-06   3.3931e-06  8.05816e-06

Mean:
 -9.83549 -0.205729  -3.09593
Variance:
  1.3137e-05 -4.86192e-06 -8.82341e-06
-4.86192e-06  8.96637e-06  7.26956e-06
-8.82341e-06  7.26956e-06  1.63985e-05

Mean:
 -9.99504 -0.195641  -3.15612
Variance:
 7.50782e-06 -2.00613e-06 -2.81947e-06
-2.00613e-06  1.14137e-05  1.38085e-05
-2.81947e-06  1.38085e-05   3.2277e-05

Mean:
 -8.73035 -0.469387 -0.179693
Variance:
 1.00688e-05 -2.77597e-06 -3.25451e-06
-2.77597e-06  1.02205e-05  6.92593e-06
-3.25451e-06  6.92593e-06   1.7103e-05

Mean:
 -8.72634 -0.974932  -1.89084
Variance:
  9.5642e-06 -4.96352e-07 -6.05296e-06
-4.96352e-07  2.21476e-05  7.11225e-06
-6.05296e-06  7.11225e-06  1.22306e-05

Mean:
 -9.22276 -0.190146  -3.06241
Variance:
 8.58644e-06 -5.39997e-06 -2.99476e-06
-5.39997e-06  1.53838e-05  4.35618e-06
-2.99476e-06  4.35618e-06  7.82607e-06

Mean:
 -10.4866 -0.518311  -3.29187
Variance:
  8.8806e-06 -1.50765e-06  3.99625e-06
-1.50765e-06  8.82539e-06   1.0259e-06
 3.99625e-06   1.0259e-06  1.82168e-05

Mean:
 -8.76233 -0.570728   -2.9935
Variance:
  1.2269e-05 -7.46481e-07 -1.89223e-06
-7.46481e-07    2.129e-05  1.16691e-05
-1.89223e-06  1.16691e-05   1.3309e-05

Mean:
 -8.74163 -0.428595 -0.523239
Variance:
 1.16279e-05 -1.10649e-06 -1.13322e-05
-1.10649e-06   1.2079e-05  6.39228e-08
-1.13322e-05  6.39228e-08  2.02932e-05

Mean:
  -8.7884 -0.905541  0.190661
Variance:
  1.1747e-05 -3.81371e-06 -9.11012e-07
-3.81371e-06  1.07151e-05  4.63955e-06
-9.11012e-07  4.63955e-06  1.83005e-05

Mean:
 -10.6024 -0.589737  -1.01733
Variance:
 5.06573e-06  1.44732e-07 -1.87421e-07
 1.44732e-07  1.14671e-05  1.43783e-05
-1.87421e-07  1.43783e-05  3.97329e-05

Mean:
 -10.559 -1.22688 -1.08067
Variance:
 6.08674e-06 -3.09199e-07  7.36831e-07
-3.09199e-07  6.71247e-06   3.3904e-06
 7.36831e-07   3.3904e-06  3.20998e-05

Mean:
 -9.72786 -0.194879  -2.97251
Variance:
1.24307e-05 -4.9763e-07 2.25814e-06
-4.9763e-07 8.99741e-06 4.95096e-06
2.25814e-06 4.95096e-06 9.80131e-06

Mean:
 -8.76085 -0.415885  -2.40489
Variance:
 1.19351e-05 -2.15785e-07 -6.55877e-06
-2.15785e-07  2.63385e-05  4.93503e-06
-6.55877e-06  4.93503e-06  1.04857e-05

Mean:
 -10.5019 -0.271213  -2.44518
Variance:
1.45343e-05 6.79379e-06 1.05584e-05
6.79379e-06 1.35542e-05 1.36321e-05
1.05584e-05 1.36321e-05 2.57127e-05

Mean:
 -10.0835 -0.285334 -0.150412
Variance:
 1.07742e-05 -3.40833e-06 -4.34032e-06
-3.40833e-06  7.33327e-06  3.91683e-06
-4.34032e-06  3.91683e-06  9.67738e-06

Mean:
 -8.73774 -0.492259  -2.49163
Variance:
 1.15914e-05 -1.41293e-06 -2.95802e-06
-1.41293e-06   9.0522e-06  3.60508e-06
-2.95802e-06  3.60508e-06  6.87615e-06

Mean:
 -9.73667 -0.553316   1.09266
Variance:
 1.58062e-05 -1.54267e-06  -1.0444e-05
-1.54267e-06  1.49727e-05   3.4056e-06
 -1.0444e-05   3.4056e-06  1.59062e-05

Mean:
 -10.6288 -0.426333  -2.29337
Variance:
 6.23475e-06  -6.5643e-07 -1.76356e-06
 -6.5643e-07  9.88757e-06  1.13973e-05
-1.76356e-06  1.13973e-05  3.15364e-05

Mean:
 -10.1091 -0.227064 -0.674934
Variance:
 6.92259e-06 -3.44138e-07  -8.0484e-06
-3.44138e-07  7.43212e-06 -2.34694e-07
 -8.0484e-06 -2.34694e-07  3.12707e-05

Mean:
 -8.87362 -0.277391  -1.90264
Variance:
 8.33722e-06 -1.56427e-07 -4.52507e-06
-1.56427e-07  1.50064e-05  4.10768e-06
-4.52507e-06  4.10768e-06  9.73118e-06

Mean:
 -10.0146 -0.205818  -3.09987
Variance:
 8.25422e-06 -1.76547e-06 -4.29418e-06
-1.76547e-06   7.7728e-06  4.16838e-06
-4.29418e-06  4.16838e-06  1.14514e-05

Mean:
 -10.3914 -0.136632 -0.891811
Variance:
 8.44752e-06   5.4943e-06 -2.17667e-06
  5.4943e-06  2.60519e-05  6.10001e-06
-2.17667e-06  6.10001e-06  1.14261e-05

Mean:
 -8.71371 -0.536729   -1.2551
Variance:
 7.99475e-06 -4.47599e-06 -3.15476e-06
-4.47599e-06  1.02647e-05  3.74217e-06
-3.15476e-06  3.74217e-06    1.248e-05

Mean:
 -9.78014 -0.197941  -3.28925
Variance:
 1.13701e-05 -3.44593e-06 -1.04731e-05
-3.44593e-06  9.14783e-06  6.28036e-06
-1.04731e-05  6.28036e-06  2.32661e-05

Mean:
 -10.6362 -0.571708  -1.93601
Variance:
 1.50197e-05   9.9922e-06 -1.52819e-06
  9.9922e-06   1.9857e-05  4.66451e-06
-1.52819e-06  4.66451e-06  1.12442e-05

Mean:
  -9.8508 -0.205075  -3.32177
Variance:
 9.67261e-06 -4.84899e-08  4.93473e-06
-4.84899e-08  7.48275e-06   4.9149e-06
 4.93473e-06   4.9149e-06  1.62952e-05

Mean:
 -10.5333 -0.365354 -0.607932
Variance:
 5.97134e-06  6.17324e-07 -1.81848e-07
 6.17324e-07  6.64285e-06  1.57795e-06
-1.81848e-07  1.57795e-06  9.69656e-06

Mean:
 -10.6146 -0.370803  -2.16954
Variance:
 2.43185e-05  5.46341e-06 -5.69277e-06
 5.46341e-06  9.13236e-06  2.03465e-06
-5.69277e-06  2.03465e-06  1.06562e-05

Mean:
 -10.0997 -0.230267 -0.843916
Variance:
 1.53679e-05 -1.18071e-05  -1.7677e-05
-1.18071e-05  1.78916e-05  1.93374e-05
 -1.7677e-05  1.93374e-05  3.37053e-05

Mean:
   -9.22554   -0.273281 -0.00280104
Variance:
 3.94465e-05 -2.22106e-05  -4.4586e-05
-2.22106e-05  2.15676e-05  2.77761e-05
 -4.4586e-05  2.77761e-05  5.95925e-05

Mean:
 -10.6329 -0.633438  -1.98028
Variance:
 7.97427e-06 -1.89828e-06 -4.48438e-06
-1.89828e-06  1.04094e-05  7.70049e-06
-4.48438e-06  7.70049e-06  1.77944e-05

Mean:
 -9.4788 -0.22248 -3.33703
Variance:
 9.81457e-06 -9.39069e-06 -2.91894e-06
-9.39069e-06  2.92454e-05  6.28139e-06
-2.91894e-06  6.28139e-06  8.03351e-06

Mean:
  -8.7714 -0.383165  -2.32763
Variance:
 1.92189e-05 -9.03067e-06 -1.71731e-05
-9.03067e-06  1.24083e-05  1.08358e-05
-1.71731e-05  1.08358e-05  2.33082e-05

Mean:
 -10.6335 -0.580758   -2.1405
Variance:
 1.20082e-05  3.72876e-06 -3.89245e-07
 3.72876e-06  1.00162e-05  2.89941e-06
-3.89245e-07  2.89941e-06  7.32901e-06

Mean:
 -9.65215 -0.184194  -2.63992
Variance:
 8.12849e-06 -5.81109e-06 -4.57537e-07
-5.81109e-06  1.73364e-05 -8.81801e-07
-4.57537e-07 -8.81801e-07  7.44055e-06

Mean:
-10.5626 -1.20707 -1.04006
Variance:
 1.26757e-05 -5.02644e-06 -1.76043e-06
-5.02644e-06  1.18707e-05  3.34601e-06
-1.76043e-06  3.34601e-06  8.33974e-06

Mean:
 -9.59109 -0.279983 -0.106853
Variance:
 2.76218e-05 -4.63256e-06 -1.20817e-05
-4.63256e-06  8.35601e-06  3.88703e-06
-1.20817e-05  3.88703e-06  1.23333e-05

Mean:
-9.47694 -1.22963 -3.82649
Variance:
 1.14782e-05 -3.54297e-06  -1.1439e-06
-3.54297e-06  1.34136e-05 -2.64958e-06
 -1.1439e-06 -2.64958e-06  8.14617e-06

Mean:
 -9.08075 -0.128192  -2.64345
Variance:
 9.74341e-06 -5.14999e-06  8.28169e-08
-5.14999e-06  1.31618e-05 -7.97926e-08
 8.28169e-08 -7.97926e-08  2.42993e-05

Mean:
-8.70747 -1.22648 0.142882
Variance:
 1.47792e-05 -7.57243e-06  -1.8294e-05
-7.57243e-06  1.27747e-05  1.28554e-05
 -1.8294e-05  1.28554e-05   3.3412e-05

Mean:
 -10.4654 -0.301273 -0.789317
Variance:
  5.5818e-06  2.11868e-08 -1.75214e-06
 2.11868e-08  2.27897e-05  3.03207e-06
-1.75214e-06  3.03207e-06  8.12999e-06

Mean:
 -9.75438 -0.191323   -2.9108
Variance:
 1.05096e-05 -3.72958e-06 -5.18406e-06
-3.72958e-06  9.91363e-06  5.17081e-06
-5.18406e-06  5.17081e-06  1.05945e-05

Mean:
 -10.3612 -0.371897  -3.31579
Variance:
 2.46661e-05 -1.25561e-05  1.25915e-06
-1.25561e-05  1.54714e-05  1.32726e-06
 1.25915e-06  1.32726e-06  6.47019e-06

Mean:
 -8.71299 -0.694888  -1.03589
Variance:
 1.10698e-05 -8.81798e-06 -1.55578e-05
-8.81798e-06    1.673e-05   2.0156e-05
-1.55578e-05   2.0156e-05  4.05093e-05

Mean:
 -10.0122 -0.293674 0.0032189
Variance:
 6.84128e-06 -2.67709e-06 -3.31861e-06
-2.67709e-06  1.55952e-05  4.34149e-06
-3.31861e-06  4.34149e-06  9.76818e-06

Mean:
 -9.51841 -0.738729  -3.61826
Variance:
 6.48436e-06  1.78478e-07 -1.74663e-06
 1.78478e-07  2.10936e-05 -1.83836e-06
-1.74663e-06 -1.83836e-06  7.13596e-06

Mean:
 -10.4112 -0.216891  -2.35825
Variance:
 1.39055e-05 -1.59364e-06  1.62799e-06
-1.59364e-06  8.12724e-06  2.51961e-06
 1.62799e-06  2.51961e-06  9.43875e-06

Mean:
  -9.0337 0.0151061  -1.74142
Variance:
 1.30841e-05  2.26289e-06 -8.64801e-06
 2.26289e-06  8.20627e-06 -1.97873e-07
-8.64801e-06 -1.97873e-07  1.23663e-05

Mean:
 -10.3414 -0.214099  -2.21777
Variance:
 8.59298e-06 -5.35653e-06  3.63701e-07
-5.35653e-06  1.51554e-05 -7.20923e-07
 3.63701e-07 -7.20923e-07   9.2768e-06

Mean:
 -9.25414 -0.303337  0.203577
Variance:
 2.65985e-05  2.53269e-06 -1.57431e-05
 2.53269e-06  9.40553e-06   4.2185e-07
-1.57431e-05   4.2185e-07  1.64721e-05

Mean:
 -8.82003 -0.328772  -2.73947
Variance:
 7.95174e-06 -1.15703e-06 -4.29093e-06
-1.15703e-06  1.93252e-05   -2.893e-06
-4.29093e-06   -2.893e-06  1.12351e-05

Mean:
 -9.05302 0.0275994  -1.87881
Variance:
 1.48407e-05  5.17637e-07 -1.31303e-05
 5.17637e-07  8.95563e-06  1.01354e-06
-1.31303e-05  1.01354e-06  1.99824e-05

Mean:
 -10.6375 -0.769928  -2.16719
Variance:
1.26207e-05 6.30317e-06 8.85584e-06
6.30317e-06 1.25925e-05 1.10773e-05
8.85584e-06 1.10773e-05 1.91188e-05

Mean:
 -9.19416 -0.223682  -3.31815
Variance:
 8.97872e-06 -4.16851e-06 -2.53637e-06
-4.16851e-06  9.86938e-06  4.12857e-06
-2.53637e-06  4.12857e-06  6.74552e-06

Mean:
-8.75595 -0.54115 -2.96154
Variance:
 1.50604e-05 -5.69699e-06 -3.08852e-06
-5.69699e-06  8.91578e-06  3.94371e-06
-3.08852e-06  3.94371e-06  7.89145e-06

Mean:
  -10.3232 -0.0598075   -2.33412
Variance:
7.88881e-06 2.33147e-06 3.74794e-07
2.33147e-06 1.04843e-05 5.07601e-06
3.74794e-07 5.07601e-06 8.82734e-06

Mean:
 -9.97943 -0.211869  -3.30827
Variance:
  1.5135e-05  3.95764e-07 -8.14457e-06
 3.95764e-07  7.35932e-06  1.02283e-06
-8.14457e-06  1.02283e-06  1.32544e-05

Mean:
-8.72139 -0.87891 -2.03991
Variance:
 1.16143e-05 -9.52963e-06 -6.73756e-06
-9.52963e-06  2.03052e-05  7.61916e-06
-6.73756e-06  7.61916e-06  1.08666e-05

Mean:
 -9.86525  -0.50852 -0.977445
Variance:
 6.99676e-06 -6.50848e-06 -4.21367e-06
-6.50848e-06   2.9906e-05  9.86118e-06
-4.21367e-06  9.86118e-06  9.98848e-06

Mean:
 -8.78878 -0.344341    -1.668
Variance:
 9.80306e-06  3.18621e-06 -1.95516e-06
 3.18621e-06  2.54226e-05  1.08502e-05
-1.95516e-06  1.08502e-05  1.15975e-05

Mean:
 -10.5362 -0.420878  0.172213
Variance:
 7.60061e-06  3.25383e-06 -4.35487e-06
 3.25383e-06  2.74951e-05 -2.06773e-06
-4.35487e-06 -2.06773e-06  1.49514e-05

Mean:
-8.73007 -0.45292 -1.81142
Variance:
 2.25198e-05 -9.07421e-06 -6.22101e-06
-9.07421e-06  1.11547e-05  6.26457e-06
-6.22101e-06  6.26457e-06  1.23085e-05

Mean:
  -10.592 -0.610291  0.112097
Variance:
 6.99922e-06 -9.59246e-07 -3.45618e-06
-9.59246e-07   1.0966e-05  3.28557e-06
-3.45618e-06  3.28557e-06  1.03639e-05

Mean:
 -8.79317 -0.416689   0.24445
Variance:
 1.08457e-05 -5.35489e-07 -1.02091e-05
-5.35489e-07  1.65364e-05 -1.79886e-06
-1.02091e-05 -1.79886e-06  1.98509e-05

Mean:
 -10.4086 -0.270271 -0.520448
Variance:
 8.20813e-06  4.92323e-06   -5.781e-06
 4.92323e-06  1.58597e-05 -3.80791e-06
  -5.781e-06 -3.80791e-06  1.23788e-05

Mean:
 -10.6003 -0.648993  -1.27273
Variance:
 1.90635e-05   2.2912e-06 -4.99221e-06
  2.2912e-06  8.22171e-06  3.14381e-06
-4.99221e-06  3.14381e-06  1.00732e-05

Mean:
   -8.5401   -1.23473 -0.0924049
Variance:
  1.3775e-05 -8.57423e-06 -3.08524e-06
-8.57423e-06  1.43933e-05  9.17516e-07
-3.08524e-06  9.17516e-07  1.17198e-05

Mean:
 -10.3141 -0.106486  -2.53044
Variance:
  7.1241e-06 -4.44811e-07 -3.82819e-06
-4.44811e-07  8.60447e-06  2.94407e-06
-3.82819e-06  2.94407e-06  1.93865e-05

Mean:
 -8.77048 -0.373829  -2.02101
Variance:
 2.16698e-05  -2.0716e-05 -2.48551e-05
 -2.0716e-05  2.91786e-05  2.96493e-05
-2.48551e-05  2.96493e-05  3.92811e-05

Mean:
 -10.4077 -0.269028 -0.371819
Variance:
 6.69267e-06 -1.94492e-07 -3.03438e-06
-1.94492e-07  6.36324e-06  2.34427e-06
-3.03438e-06  2.34427e-06  8.79229e-06

Mean:
-9.64672 -1.20645 -3.40549
Variance:
 9.66676e-06 -4.07285e-07 -1.96523e-06
-4.07285e-07  1.86781e-05  4.81939e-06
-1.96523e-06  4.81939e-06  6.14566e-06

Mean:
 -10.5885 -0.316477  -2.40662
Variance:
6.14126e-06  5.6944e-07 3.60688e-07
 5.6944e-07 7.28041e-06 2.70605e-06
3.60688e-07 2.70605e-06 8.65579e-06

Mean:
 -10.8564  -1.22874 -0.925308
Variance:
 5.65995e-06 -1.79994e-06 -1.07454e-06
-1.79994e-06   2.9997e-05  7.86682e-08
-1.07454e-06  7.86682e-08  9.13991e-06

Mean:
 -8.82669 -0.968417  0.823175
Variance:
 1.75746e-05 -8.03585e-07 -8.70163e-06
-8.03585e-07  1.33776e-05  3.31689e-06
-8.70163e-06  3.31689e-06  1.25482e-05

Mean:
 -8.72654 -0.619738  -2.34289
Variance:
 3.88359e-05 -1.41959e-05 -1.43585e-05
-1.41959e-05    1.389e-05  9.33457e-06
-1.43585e-05  9.33457e-06  1.25022e-05

Mean:
 -9.71656 -0.221072  -3.39994
Variance:
 7.87266e-06 -1.13338e-06  7.69928e-08
-1.13338e-06  7.20378e-06  1.67356e-06
 7.69928e-08  1.67356e-06  1.48197e-05

Mean:
 -9.41314 -0.215076  -3.21666
Variance:
 1.62718e-05 -1.74219e-06  3.83349e-06
-1.74219e-06  7.24942e-06   3.5686e-06
 3.83349e-06   3.5686e-06  1.07678e-05

Mean:
-8.55043 -1.23775 0.625287
Variance:
 8.92372e-06  -2.8237e-06 -2.45829e-06
 -2.8237e-06  9.31598e-06  5.84025e-06
-2.45829e-06  5.84025e-06  1.35249e-05

Mean:
 -8.74724 -0.749747  0.714557
Variance:
 1.67402e-05  2.74721e-06 -2.32915e-06
 2.74721e-06  1.40152e-05  5.15307e-06
-2.32915e-06  5.15307e-06  1.01806e-05

Mean:
-9.96491 -1.22254 -3.92647
Variance:
 5.41884e-05 -6.49407e-06 -1.18884e-06
-6.49407e-06  7.69271e-06  1.89068e-06
-1.18884e-06  1.89068e-06  4.60583e-06

Mean:
-9.39831 -1.22666 -3.61009
Variance:
 1.50843e-05  7.32096e-06 -4.13548e-07
 7.32096e-06  2.19708e-05  4.62267e-06
-4.13548e-07  4.62267e-06  6.90465e-06

Mean:
-10.6484 -1.23499 0.633052
Variance:
 2.31706e-05  1.28102e-06 -9.63575e-06
 1.28102e-06  1.39834e-05  4.91505e-06
-9.63575e-06  4.91505e-06  1.42285e-05

Mean:
 -8.77204  -1.22146 -0.303876
Variance:
 1.62323e-05 -9.69202e-06 -1.16385e-05
-9.69202e-06  1.27978e-05  9.19796e-06
-1.16385e-05  9.19796e-06  1.53975e-05

Mean:
-10.2749 -0.65729 0.872632
Variance:
 1.34133e-05 -6.99519e-06 -6.49876e-07
-6.99519e-06  1.67995e-05  2.19153e-06
-6.49876e-07  2.19153e-06  1.58694e-05

Mean:
 -8.97129 -0.337507  -3.34862
Variance:
 6.48335e-06  -2.4058e-06 -1.50676e-06
 -2.4058e-06  1.81014e-05  1.73549e-05
-1.50676e-06  1.73549e-05  2.49407e-05

Mean:
 -10.6243 -0.408275  -2.43133
Variance:
 2.29628e-05 -1.26197e-05 -4.15854e-07
-1.26197e-05   1.8433e-05   2.4372e-06
-4.15854e-07   2.4372e-06  8.74071e-06

Mean:
 -10.4656 -0.257068  -2.19559
Variance:
1.10406e-05 8.68075e-06 5.06848e-07
8.68075e-06 2.41489e-05  6.7464e-06
5.06848e-07  6.7464e-06 9.56527e-06

Mean:
 -8.95936 -0.385375  0.617699
Variance:
 2.41385e-05 -1.74335e-05  -8.7297e-06
-1.74335e-05  2.25698e-05    6.841e-06
 -8.7297e-06    6.841e-06  1.10635e-05

Mean:
 -8.74163 -0.428595 -0.523239
Variance:
 5.31964e-10 -5.15442e-12  8.87455e-10
-5.15442e-12  8.50082e-10  3.00079e-09
 8.87455e-10  3.00079e-09  1.79194e-08

Mean:
 -10.5872 -0.364056  -2.27025
Variance:
 1.35929e-05 -1.28491e-07  4.58458e-06
-1.28491e-07  6.53395e-06  3.19625e-06
 4.58458e-06  3.19625e-06  1.14667e-05

Mean:
 -9.49321 -0.176173  -2.84243
Variance:
1.43837e-05 5.23625e-06 4.87907e-06
5.23625e-06 1.59475e-05 1.13736e-05
4.87907e-06 1.13736e-05 1.69502e-05

Mean:
 -10.771 -1.21302 -1.02055
Variance:
6.58368e-06 2.15292e-06 1.97646e-06
2.15292e-06 1.43747e-05 1.33698e-05
1.97646e-06 1.33698e-05 2.15673e-05

Mean:
 -9.67617 -0.740395  -1.97415
Variance:
 9.53269e-06 -7.58322e-06 -5.09306e-06
-7.58322e-06  2.12082e-05  8.83706e-06
-5.09306e-06  8.83706e-06  9.10328e-06

Mean:
 -10.3147 0.0113794  -2.00867
Variance:
1.11001e-05 -1.3461e-06 2.91506e-06
-1.3461e-06 7.57688e-06 2.43883e-06
2.91506e-06 2.43883e-06 1.14787e-05

Mean:
 -9.25471 -0.107561  -2.60968
Variance:
 1.63338e-05 -1.50444e-06 -3.47955e-06
-1.50444e-06  8.19145e-06  3.83007e-06
-3.47955e-06  3.83007e-06  7.95897e-06

Mean:
 -9.88299 -0.182431  -2.40264
Variance:
7.52929e-06 2.41949e-06 9.25186e-07
2.41949e-06 1.78533e-05 1.30139e-05
9.25186e-07 1.30139e-05 1.66009e-05

Mean:
 -10.3453 -0.451073  0.746568
Variance:
 7.84827e-06 -2.05132e-06 -3.39134e-06
-2.05132e-06  1.25964e-05  3.37219e-06
-3.39134e-06  3.37219e-06  3.08653e-05

Mean:
-8.77891 -1.24228  1.00725
Variance:
  2.2303e-05 -7.97503e-06  3.36194e-07
-7.97503e-06  1.26092e-05  2.71852e-06
 3.36194e-07  2.71852e-06  1.12359e-05

Mean:
-10.1309 -1.20757 -3.63951
Variance:
  2.2381e-05 -1.28768e-05 -8.86998e-06
-1.28768e-05  1.62303e-05  8.43165e-06
-8.86998e-06  8.43165e-06  9.97445e-06

Mean:
 -10.6353 -0.545667  -2.47465
Variance:
 1.97392e-05 -3.71769e-06 -1.13512e-05
-3.71769e-06  8.77147e-06  5.99424e-06
-1.13512e-05  5.99424e-06   1.5226e-05

Mean:
 -10.5601 -0.325397  -2.70899
Variance:
1.33255e-05 2.57021e-07 3.95915e-06
2.57021e-07 7.09313e-06 4.02971e-06
3.95915e-06 4.02971e-06  1.1073e-05

Mean:
  -10.252 -0.300304 -0.421114
Variance:
1.39632e-05 2.48344e-06 1.66156e-06
2.48344e-06 9.57417e-06  5.7313e-06
1.66156e-06  5.7313e-06  1.1606e-05

Mean:
-8.69436 -1.23278 -1.39516
Variance:
 1.82756e-05 -1.11072e-05 -6.40341e-06
-1.11072e-05  1.39528e-05  5.64678e-06
-6.40341e-06  5.64678e-06  1.05223e-05

Mean:
 -9.23481 -0.305794  -3.54961
Variance:
 1.88715e-05 -7.62994e-06 -4.69569e-06
-7.62994e-06  1.08595e-05  4.85724e-06
-4.69569e-06  4.85724e-06  7.22642e-06

Mean:
  -9.2514 -0.219994  -3.18038
Variance:
1.98725e-05 8.47747e-06 1.12586e-06
8.47747e-06 2.09388e-05 7.34832e-06
1.12586e-06 7.34832e-06  8.9106e-06

Mean:
-8.96735 -1.23415 -3.30553
Variance:
 3.40366e-05 -1.58496e-05  -2.2449e-05
-1.58496e-05  1.29655e-05  1.24138e-05
 -2.2449e-05  1.24138e-05  2.20939e-05

Mean:
 -10.5013 -0.677092  0.843112
Variance:
 1.06251e-05 -6.81459e-06 -8.53248e-06
-6.81459e-06  2.08681e-05  1.28456e-05
-8.53248e-06  1.28456e-05   2.0952e-05

Mean:
 -8.72903 -0.607441  0.175768
Variance:
 1.01015e-05 -4.40573e-06 -6.65945e-06
-4.40573e-06  3.07445e-05  5.15543e-06
-6.65945e-06  5.15543e-06  1.28827e-05

Mean:
 -8.79271 -0.332981  -1.98245
Variance:
 7.40015e-06 -5.35528e-06 -4.61398e-06
-5.35528e-06   2.4484e-05   8.8497e-06
-4.61398e-06   8.8497e-06  1.03993e-05

Mean:
 -8.79872  -1.12829 -0.766309
Variance:
 9.16711e-06 -9.22354e-06 -1.06323e-05
-9.22354e-06   3.5013e-05  2.51612e-05
-1.06323e-05  2.51612e-05  2.60891e-05

Mean:
 -10.6423   -1.2155 -0.412946
Variance:
 1.36475e-05 -7.52946e-06 -7.02066e-06
-7.52946e-06  1.38121e-05  6.84945e-06
-7.02066e-06  6.84945e-06  1.05136e-05

Mean:
 -9.43126 -0.180272  -2.84282
Variance:
  1.1643e-05 -9.08138e-07 -2.05042e-06
-9.08138e-07  8.73417e-06  3.77749e-06
-2.05042e-06  3.77749e-06  7.37458e-06

Mean:
-9.27559 -1.23409 -3.73424
Variance:
 9.05765e-06 -1.25775e-06 -1.46627e-06
-1.25775e-06  9.41165e-06 -2.05399e-06
-1.46627e-06 -2.05399e-06   1.5646e-05

Mean:
 -9.01721 -0.359878  0.346201
Variance:
 1.37536e-05  2.92076e-06 -1.27518e-05
 2.92076e-06  1.95789e-05 -3.40694e-06
-1.27518e-05 -3.40694e-06  2.08051e-05

Mean:
 -10.6308 -0.735439  -1.34397
Variance:
 1.50279e-05 -7.32618e-06 -3.14311e-06
-7.32618e-06  1.52065e-05  5.01725e-06
-3.14311e-06  5.01725e-06  8.05253e-06

Mean:
 -9.11308 -0.359275  -3.47401
Variance:
 8.63493e-06  2.53562e-07 -7.00476e-07
 2.53562e-07  3.77936e-05  1.90965e-05
-7.00476e-07  1.90965e-05  1.45889e-05

Mean:
 -9.18898 -0.789845  -3.61184
Variance:
 1.87971e-05 -2.68337e-06   6.8997e-07
-2.68337e-06  8.42123e-06  2.75944e-06
  6.8997e-07  2.75944e-06  5.99739e-06

Mean:
-10.8687 -1.22665 0.699603
Variance:
 1.79777e-05  -1.8165e-06 -9.16949e-06
 -1.8165e-06   1.0363e-05  4.91318e-06
-9.16949e-06  4.91318e-06  1.25788e-05

Mean:
 -10.6295 -0.833612  -1.85405
Variance:
 1.80291e-05  7.50428e-08 -8.46236e-06
 7.50428e-08    6.529e-06  3.22881e-06
-8.46236e-06  3.22881e-06  1.20718e-05

Mean:
 -8.72713 -0.466996  -1.68439
Variance:
 7.91741e-06 -2.73261e-06 -3.21394e-06
-2.73261e-06  1.38262e-05  1.41386e-05
-3.21394e-06  1.41386e-05  2.77657e-05

Mean:
-10.5476 -1.21704  -1.2161
Variance:
 5.78973e-06 -1.16006e-06  4.26795e-07
-1.16006e-06  1.10211e-05 -2.89815e-06
 4.26795e-07 -2.89815e-06  1.23636e-05

Mean:
 -10.3152 -0.207889  -2.37513
Variance:
 3.25182e-05  1.30936e-06 -6.72094e-06
 1.30936e-06  7.36697e-06  2.80103e-06
-6.72094e-06  2.80103e-06  8.98645e-06

Mean:
 -9.41484 -0.699424   -3.5815
Variance:
 8.98829e-06  1.35057e-06  -2.8347e-06
 1.35057e-06  1.87051e-05 -1.78575e-06
 -2.8347e-06 -1.78575e-06   8.2303e-06

Mean:
-10.5917 -0.44764 -2.92422
Variance:
 1.72082e-05 -5.04291e-06 -5.80179e-06
-5.04291e-06  9.24769e-06  4.70988e-06
-5.80179e-06  4.70988e-06  9.24167e-06

Mean:
 -9.94923 0.0542998  -2.20405
Variance:
 1.57066e-05 -9.16811e-07 -4.97521e-06
-9.16811e-07   7.1939e-06   2.9589e-06
-4.97521e-06   2.9589e-06  8.51753e-06

Mean:
 -10.4056 -0.207216 -0.616665
Variance:
 9.99392e-06  3.12973e-06 -7.31777e-06
 3.12973e-06  1.12422e-05  2.16486e-07
-7.31777e-06  2.16486e-07  1.59344e-05

Mean:
-8.77916 -0.34732 -2.12294
Variance:
 8.23846e-06 -9.10322e-07 -5.36217e-06
-9.10322e-07     1.57e-05 -1.22316e-06
-5.36217e-06 -1.22316e-06  1.49637e-05

Mean:
-8.78178 -0.35415 -1.94737
Variance:
 2.01477e-05 -1.65191e-05 -8.44347e-06
-1.65191e-05  2.23862e-05  9.75392e-06
-8.44347e-06  9.75392e-06  1.08475e-05

Mean:
 -10.4687 -0.282681 -0.477747
Variance:
 7.25136e-06 -7.22815e-06 -8.92324e-06
-7.22815e-06   3.1838e-05  2.54477e-05
-8.92324e-06  2.54477e-05  3.10439e-05

Mean:
 -10.6532  -1.23087 0.0516819
Variance:
 8.96035e-06 -8.50488e-07  1.64436e-06
-8.50488e-07  7.91338e-06  3.17161e-06
 1.64436e-06  3.17161e-06  1.03015e-05

Mean:
 -9.62998 -0.639699  -1.17727
Variance:
 1.07081e-05  1.32424e-06 -1.08577e-05
 1.32424e-06  9.93066e-06 -6.71893e-07
-1.08577e-05 -6.71893e-07  2.30625e-05

Mean:
 -10.3168 -0.117821  -2.56809
Variance:
 8.07902e-06 -3.00018e-06   3.1942e-06
-3.00018e-06  9.64607e-06  -3.2223e-06
  3.1942e-06  -3.2223e-06  1.88155e-05

Mean:
 -8.79739 -0.335148  -1.99043
Variance:
 9.13494e-06 -4.83838e-06 -5.00887e-06
-4.83838e-06  9.66392e-06   2.6136e-06
-5.00887e-06   2.6136e-06  2.05155e-05

Mean:
-8.73521 -0.40928  -1.3184
Variance:
 1.72961e-05 -1.12716e-05 -2.02042e-05
-1.12716e-05   1.5484e-05  1.74073e-05
-2.02042e-05  1.74073e-05  3.48071e-05

Mean:
 -10.7674  -1.23239 -0.217988
Variance:
 5.48835e-06 -4.57301e-07 -2.44865e-06
-4.57301e-07  1.13869e-05  1.38925e-05
-2.44865e-06  1.38925e-05  3.79356e-05

Mean:
 -9.43769 -0.187193  -3.06816
Variance:
1.17729e-05  1.2242e-06 6.22143e-06
 1.2242e-06 8.48227e-06 8.39803e-06
6.22143e-06 8.39803e-06 1.96243e-05

Mean:
  -10.5772  -0.466094 0.00222719
Variance:
 2.53858e-05 -3.65995e-06 -4.92383e-06
-3.65995e-06  8.35694e-06  3.41642e-06
-4.92383e-06  3.41642e-06  9.24402e-06

Mean:
-9.73904 -1.23457 -3.99961
Variance:
 2.97223e-05 -1.39233e-05 -5.55336e-06
-1.39233e-05  1.38244e-05  4.15936e-06
-5.55336e-06  4.15936e-06  6.93806e-06

Mean:
-10.6599 -1.19851 -2.56826
Variance:
1.04427e-05 3.67496e-06 2.36835e-07
3.67496e-06 1.23395e-05 4.60995e-06
2.36835e-07 4.60995e-06 7.67229e-06

Mean:
-9.81781 -1.22882 -3.48598
Variance:
1.05675e-05 6.20214e-07  2.2287e-06
6.20214e-07 1.07266e-05 1.02881e-05
 2.2287e-06 1.02881e-05 2.43259e-05

Mean:
 -9.00844 -0.494775  0.871857
Variance:
 1.32615e-05 -6.95874e-06 -8.52286e-06
-6.95874e-06  1.79691e-05  4.92332e-06
-8.52286e-06  4.92332e-06  1.57237e-05

Mean:
-9.26633 -1.21734  1.08934
Variance:
 1.13105e-05 -1.26265e-06 -2.15769e-06
-1.26265e-06  1.62142e-05  8.02654e-06
-2.15769e-06  8.02654e-06  1.26049e-05

Mean:
 -10.4009 -0.197015  -2.36919
Variance:
 9.47317e-06 -7.03368e-06 -4.64373e-06
-7.03368e-06   1.9435e-05  7.94315e-06
-4.64373e-06  7.94315e-06  9.99362e-06

Mean:
 -9.97512 -0.624184    1.0823
Variance:
 1.94535e-05 -5.93926e-06 -2.00433e-05
-5.93926e-06  1.37727e-05  1.04519e-05
-2.00433e-05  1.04519e-05   3.1387e-05

Mean:
 -10.4625  -0.26834 -0.649711
Variance:
 1.04235e-05 -3.63041e-07 -6.26127e-06
-3.63041e-07  6.49934e-06  1.87224e-06
-6.26127e-06  1.87224e-06  1.10024e-05

Mean:
 -10.3808 -0.370205  0.431307
Variance:
 1.49366e-05  3.94803e-07 -1.33441e-05
 3.94803e-07   9.6226e-06  2.54127e-06
-1.33441e-05  2.54127e-06  2.18832e-05

Mean:
 -9.29087 -0.406648  0.789169
Variance:
 1.24477e-05 -2.57853e-06 -3.47646e-06
-2.57853e-06  1.31823e-05  6.07367e-06
-3.47646e-06  6.07367e-06  1.75025e-05

Mean:
-10.3513 -0.15713 -1.90403
Variance:
 7.14175e-06 -2.50693e-06 -2.11728e-06
-2.50693e-06  1.24971e-05  3.59675e-06
-2.11728e-06  3.59675e-06  9.68927e-06

Mean:
 -10.0354  -0.20959 -0.778789
Variance:
  1.7854e-05 -1.04402e-05 -1.23884e-05
-1.04402e-05  1.62876e-05  1.07078e-05
-1.23884e-05  1.07078e-05  1.63386e-05

Mean:
-10.2862 -0.24439 -3.08452
Variance:
1.82993e-05 4.31483e-06 3.64511e-06
4.31483e-06 8.82511e-06 4.45856e-06
3.64511e-06 4.45856e-06 8.27206e-06

Mean:
-8.62536 -1.22674 -1.93329
Variance:
 9.00067e-06 -5.92223e-06 -6.33349e-06
-5.92223e-06  3.37017e-05  1.08365e-05
-6.33349e-06  1.08365e-05  1.23586e-05

Mean:
 -10.0787 -0.573627  -3.55448
Variance:
 8.83303e-06  1.40018e-06 -2.76993e-06
 1.40018e-06  1.49517e-05 -1.82293e-06
-2.76993e-06 -1.82293e-06  8.73051e-06

Mean:
