Mean:
-8.66751 -1.22097 -2.27424
Variance:
 0.000207956 -6.79756e-05 -0.000613054
-6.79756e-05  3.03623e-05  0.000208648
-0.000613054  0.000208648   0.00195037

Mean:
  -10.2278 -0.0462126   -2.55325
Variance:
 1.99115e-05 -7.02876e-07 -8.54349e-06
-7.02876e-07  5.35418e-06 -9.96515e-06
-8.54349e-06 -9.96515e-06  0.000332416

Mean:
 -10.5855 -0.469309  -1.21787
Variance:
 1.06371e-05 -7.37493e-07 -2.27295e-05
-7.37493e-07  4.61337e-06  2.09035e-05
-2.27295e-05  2.09035e-05  0.000910669

Mean:
 -10.139 -1.23195 -3.87966
Variance:
 7.54457e-06  3.90711e-07 -2.63039e-06
 3.90711e-07  3.35711e-05  0.000149487
-2.63039e-06  0.000149487   0.00137676

Mean:
 -10.6417 -0.497785  -2.10029
Variance:
 1.42812e-05  3.64106e-06 -1.82621e-06
 3.64106e-06  6.11435e-06  1.99822e-05
-1.82621e-06  1.99822e-05   0.00163682

Mean:
-8.67559 -1.22522 -3.72046
Variance:
 4.08546e-05 -1.51768e-05 -0.000124022
-1.51768e-05  2.00405e-05  4.93569e-05
-0.000124022  4.93569e-05  0.000861756

Mean:
 -9.41359 -0.400306  0.779847
Variance:
 0.000179026 -7.11995e-06 -0.000431337
-7.11995e-06  7.74956e-06  1.97122e-05
-0.000431337  1.97122e-05   0.00107938

Mean:
 -9.02986 0.0108963  -1.76921
Variance:
 3.65434e-05 -5.02294e-07 -0.000126683
-5.02294e-07  6.36713e-06   6.0541e-06
-0.000126683   6.0541e-06  0.000556536

Mean:
 -10.279 -0.65124 -3.54803
Variance:
4.95517e-06 5.70074e-07 9.81622e-07
5.70074e-07 1.25199e-05 0.000121277
9.81622e-07 0.000121277  0.00363889

Mean:
-8.58065 -1.22992 -1.08507
Variance:
 6.34188e-05 -3.39537e-05  -0.00013136
-3.39537e-05  2.52903e-05   7.2423e-05
 -0.00013136   7.2423e-05  0.000305459

Mean:
 -10.5615 -0.951007  0.624619
Variance:
4.87068e-06 5.02609e-06 1.89283e-05
5.02609e-06  8.9311e-05  0.00039256
1.89283e-05  0.00039256  0.00186246

Mean:
 -10.0886 -0.340866  0.384167
Variance:
 1.80439e-05  4.02603e-07 -8.28391e-05
 4.02603e-07  7.89574e-06  5.37071e-07
-8.28391e-05  5.37071e-07  0.000614315

Mean:
-8.78546 -0.33168 -2.14133
Variance:
 0.000121821  6.21554e-06  -0.00039612
 6.21554e-06  7.31406e-06 -2.36886e-05
 -0.00039612 -2.36886e-05   0.00152407

Mean:
-10.7662 -1.21018 -2.20134
Variance:
6.84299e-06 9.77052e-06 6.57085e-05
9.77052e-06 5.99622e-05  0.00032975
6.57085e-05  0.00032975  0.00316154

Mean:
 -10.4035 -0.194352 -0.633685
Variance:
 4.12558e-06  1.01743e-06 -2.73995e-05
 1.01743e-06  8.42677e-06  -3.0086e-05
-2.73995e-05  -3.0086e-05  0.000964258

Mean:
 -10.2597 -0.139727  -2.64617
Variance:
 1.69045e-05 -7.17042e-06 -8.53835e-05
-7.17042e-06  9.76001e-06  3.92456e-05
-8.53835e-05  3.92456e-05  0.000807772

Mean:
 -8.8264 -1.25311 -1.64443
Variance:
 5.45012e-05 -3.28118e-05 -0.000154745
-3.28118e-05   2.6147e-05  0.000102751
-0.000154745  0.000102751  0.000722059

Mean:
 -10.6358 -0.468794  -1.89084
Variance:
4.76849e-06 9.53151e-07 8.84593e-06
9.53151e-07 4.66733e-06  1.8878e-05
8.84593e-06  1.8878e-05  0.00148796

Mean:
 -9.39652 -0.934287   1.13404
Variance:
 0.000193636 -9.88281e-05 -0.000403788
-9.88281e-05  5.81581e-05  0.000211033
-0.000403788  0.000211033  0.000863718

Mean:
 -10.5632 -0.404114  -2.97903
Variance:
 9.44972e-06 -6.94472e-06 -4.04898e-05
-6.94472e-06  1.56285e-05  6.59532e-05
-4.04898e-05  6.59532e-05  0.000603951

Mean:
-10.7649 -1.23286  0.27971
Variance:
1.23132e-05   2.123e-05 7.90689e-05
  2.123e-05 8.19069e-05 0.000274665
7.90689e-05 0.000274665  0.00103325

Mean:
-9.78635 -1.23154 -3.55911
Variance:
 3.29427e-05 -4.45691e-05 -0.000293409
-4.45691e-05  0.000101776  0.000610802
-0.000293409  0.000610802   0.00503176

Mean:
  -9.02676 -0.0796057   -2.25471
Variance:
0.000348999 4.00819e-05  -0.0013071
4.00819e-05 9.77839e-06 -0.00015181
 -0.0013071 -0.00015181   0.0053534

Mean:
 -9.91903 -0.763577  -3.66263
Variance:
 2.50817e-05 -1.90041e-05 -0.000264923
-1.90041e-05  2.55076e-05  0.000273202
-0.000264923  0.000273202   0.00604976

Mean:
 -10.3703 -0.138545 -0.755884
Variance:
3.72401e-06 9.63182e-08 -1.8793e-05
9.63182e-08 9.24592e-06 2.08007e-05
-1.8793e-05 2.08007e-05 0.000708103

Mean:
 -8.71025 -0.492708 -0.822869
Variance:
 0.000333186 -1.78179e-05 -0.000788143
-1.78179e-05  1.90974e-05  4.87695e-05
-0.000788143  4.87695e-05   0.00191116

Mean:
  -10.5911   -1.23617 -0.0845998
Variance:
3.32412e-06 5.86218e-06 2.27165e-05
5.86218e-06 0.000175979 0.000692749
2.27165e-05 0.000692749  0.00295915

Mean:
 -8.87172 -0.302146  -2.73276
Variance:
 0.000202588 -1.91584e-05 -0.000742297
-1.91584e-05  8.61321e-06  7.20546e-05
-0.000742297  7.20546e-05   0.00306981

Mean:
 -8.74933 -0.389374  -1.12246
Variance:
 6.20718e-05 -6.02836e-06  -0.00013836
-6.02836e-06  5.69179e-06  1.15547e-05
 -0.00013836  1.15547e-05  0.000365738

Mean:
 -10.4553  -0.31111 -0.252608
Variance:
 1.16603e-05 -1.97991e-06 -4.49004e-05
-1.97991e-06   4.3944e-06  2.61577e-06
-4.49004e-05  2.61577e-06  0.000715825

Mean:
-9.66005 -1.21736 -3.94087
Variance:
 1.98751e-05 -1.50802e-05 -0.000170309
-1.50802e-05  2.31573e-05  0.000173973
-0.000170309  0.000173973   0.00280804

Mean:
 -10.6532  -1.23551 0.0134006
Variance:
3.86979e-06 7.39734e-06 2.60897e-05
7.39734e-06  0.00014067 0.000473497
2.60897e-05 0.000473497  0.00170321

Mean:
  -10.651  -1.22059 -0.683024
Variance:
3.95549e-06 1.87417e-06 3.21024e-06
1.87417e-06 5.30664e-05 0.000283915
3.21024e-06 0.000283915  0.00170773

Mean:
 -8.92332 -0.342886  -3.24034
Variance:
0.000381724 -5.4525e-06 -0.00156121
-5.4525e-06 7.55624e-06 2.32671e-05
-0.00156121 2.32671e-05  0.00709978

Mean:
 -10.0416 -0.349461  0.350139
Variance:
 2.34875e-05 -3.76486e-07 -0.000101367
-3.76486e-07  7.72451e-06  4.89258e-06
-0.000101367  4.89258e-06  0.000631212

Mean:
-9.43673 -1.22249 -3.88762
Variance:
 1.44051e-05 -1.07746e-05 -7.25004e-05
-1.07746e-05  3.00429e-05  0.000152631
-7.25004e-05  0.000152631   0.00184428

Mean:
 -9.65215 -0.661835   1.11345
Variance:
 6.94836e-05 -2.55403e-05 -0.000183986
-2.55403e-05  1.56855e-05  7.39346e-05
-0.000183986  7.39346e-05  0.000536185

Mean:
 -9.40439 -0.431948  0.883915
Variance:
 8.59049e-05 -5.42594e-06 -0.000187713
-5.42594e-06  6.45673e-06   1.2978e-05
-0.000187713   1.2978e-05  0.000446407

Mean:
-8.73285 -1.23522 -2.81808
Variance:
 6.00931e-05 -2.29992e-05 -0.000157047
-2.29992e-05  1.53253e-05  6.59323e-05
-0.000157047  6.59323e-05  0.000543151

Mean:
-8.61155 -1.22752 -1.88781
Variance:
 7.21347e-05 -1.94417e-05 -0.000135682
-1.94417e-05  1.13604e-05  4.32817e-05
-0.000135682  4.32817e-05   0.00032036

Mean:
 -8.8257 -1.21935 -1.41923
Variance:
  0.00012829 -5.09542e-05 -0.000357294
-5.09542e-05  3.37052e-05  0.000158381
-0.000357294  0.000158381   0.00112496

Mean:
 -9.10686 -0.418089  0.789623
Variance:
 0.000206446 -1.00523e-05 -0.000399751
-1.00523e-05  8.09918e-06    2.015e-05
-0.000399751    2.015e-05  0.000801504

Mean:
 -8.73068 -0.781806  -1.70831
Variance:
 0.000207507 -5.49012e-05 -0.000597002
-5.49012e-05  2.43365e-05  0.000169673
-0.000597002  0.000169673    0.0018812

Mean:
   -10.3376 -0.00024851    -1.84631
Variance:
 5.54693e-06  5.35447e-06 -7.10659e-05
 5.35447e-06  2.49119e-05 -0.000296136
-7.10659e-05 -0.000296136   0.00641024

Mean:
 -8.74944 -0.429867 -0.144753
Variance:
 5.31547e-05  -3.1835e-06 -9.76357e-05
 -3.1835e-06  3.82415e-06  6.30329e-06
-9.76357e-05  6.30329e-06  0.000241264

Mean:
 -8.70601 -0.636279  -0.31601
Variance:
  5.5432e-05 -7.66969e-06 -0.000114925
-7.66969e-06  8.49435e-06  1.41867e-05
-0.000114925  1.41867e-05  0.000284858

Mean:
 -9.44901 -0.649414  -1.57596
Variance:
 0.000186288 -2.22682e-05 -0.000811347
-2.22682e-05  8.76213e-06  0.000102448
-0.000811347  0.000102448   0.00383876

Mean:
  -10.46  -1.1955 -3.61687
Variance:
6.91012e-06 8.28491e-06  6.7422e-05
8.28491e-06 5.71542e-05 0.000433955
 6.7422e-05 0.000433955  0.00573917

Mean:
 -8.74798 -0.614786  -2.81428
Variance:
 3.00679e-05 -3.99017e-06 -8.66003e-05
-3.99017e-06  1.42298e-05 -9.09898e-06
-8.66003e-05 -9.09898e-06  0.000402951

Mean:
 -10.2986 0.0146001  -1.27752
Variance:
 2.97391e-05  2.23036e-05 -0.000299607
 2.23036e-05  2.23063e-05 -0.000263772
-0.000299607 -0.000263772   0.00378822

Mean:
-9.63216 -1.22739 -3.80804
Variance:
 4.23144e-05 -5.31621e-05 -0.000376879
-5.31621e-05  8.78983e-05  0.000582911
-0.000376879  0.000582911   0.00551496

Mean:
 -8.63802  -1.21919 -0.612318
Variance:
 0.000183468 -5.40454e-05 -0.000364312
-5.40454e-05  2.34394e-05  0.000114265
-0.000364312  0.000114265  0.000762217

Mean:
 -9.88801 -0.492534  -3.57888
Variance:
 7.52694e-05 -2.50791e-05 -0.000720221
-2.50791e-05  1.58999e-05  0.000264835
-0.000720221  0.000264835    0.0106119

Mean:
   -9.061 -0.153111  -2.68316
Variance:
 0.000130148  3.06295e-05 -0.000498648
 3.06295e-05  1.49218e-05 -0.000132175
-0.000498648 -0.000132175    0.0023931

Mean:
-8.68561 -1.22034 -0.45471
Variance:
 0.000508889 -0.000222366  -0.00107557
-0.000222366   0.00011111  0.000481302
 -0.00107557  0.000481302   0.00232331

Mean:
 -8.72949 -0.686341    0.3688
Variance:
0.000874148 -0.00016095 -0.00150462
-0.00016095  3.9275e-05 0.000279166
-0.00150462 0.000279166  0.00261815

Mean:
-10.3949 -1.20659  -3.5227
Variance:
 5.78473e-06 -4.81485e-06 -5.03183e-05
-4.81485e-06  5.36321e-05  0.000277094
-5.03183e-05  0.000277094   0.00452301

Mean:
 -8.70468 -0.638637 -0.745204
Variance:
 0.000183721 -3.54761e-05  -0.00043564
-3.54761e-05   1.2055e-05   8.9787e-05
 -0.00043564   8.9787e-05   0.00113015

Mean:
 -9.63877 -0.687176   -3.5873
Variance:
 1.66742e-05 -2.30485e-06 -8.32124e-05
-2.30485e-06  1.89107e-05 -8.12938e-06
-8.32124e-05 -8.12938e-06   0.00117582

Mean:
 -9.48638 -0.313118  0.341655
Variance:
 0.000237354  1.06873e-05 -0.000705988
 1.06873e-05  8.46657e-06 -2.85053e-05
-0.000705988 -2.85053e-05   0.00216148

Mean:
  -8.7243 -0.661143  -2.07753
Variance:
 0.000549351 -0.000109217  -0.00169419
-0.000109217  2.84747e-05  0.000342779
 -0.00169419  0.000342779   0.00542618

Mean:
 -8.84845 -0.293834  -2.19554
Variance:
 2.14734e-05  -3.3367e-07 -4.50162e-05
 -3.3367e-07  4.55391e-06 -5.43699e-07
-4.50162e-05 -5.43699e-07  0.000146452

Mean:
-8.77252 -1.23188   -1.561
Variance:
 3.83765e-05  3.15996e-06 -8.30826e-05
 3.15996e-06   9.0045e-06 -2.90354e-06
-8.30826e-05 -2.90354e-06  0.000229357

Mean:
-8.78876 -1.12239 -2.54806
Variance:
 0.000190454 -8.29422e-05 -0.000601353
-8.29422e-05  4.68818e-05  0.000281895
-0.000601353  0.000281895   0.00220019

Mean:
 -9.82169 -0.269062 -0.130063
Variance:
 1.89628e-05  5.17063e-06 -8.16653e-05
 5.17063e-06  4.72841e-06 -2.44186e-05
-8.16653e-05 -2.44186e-05  0.000423025

Mean:
 -10.5927  -0.80213 -0.243691
Variance:
 3.82059e-06 -1.12153e-07 -8.23334e-06
-1.12153e-07  6.65986e-06  3.92745e-05
-8.23334e-06  3.92745e-05  0.000512109

Mean:
-10.2048 -0.31494 0.064968
Variance:
 1.49564e-05 -3.52114e-06 -0.000114615
-3.52114e-06  1.11063e-05  5.60616e-05
-0.000114615  5.60616e-05   0.00130817

Mean:
 -8.83172 -0.294966  -2.02173
Variance:
 6.80804e-05 -1.17297e-05 -0.000207527
-1.17297e-05  1.05419e-05  3.67066e-05
-0.000207527  3.67066e-05  0.000842358

Mean:
 -8.93993 -0.329972  -3.03319
Variance:
  0.00014231    6.473e-06 -0.000567499
   6.473e-06  6.94616e-06 -1.70917e-05
-0.000567499 -1.70917e-05   0.00290244

Mean:
-10.4621 -0.23682 -2.19245
Variance:
 4.27176e-06  2.56876e-06 -1.49172e-05
 2.56876e-06   1.8139e-05 -3.29124e-05
-1.49172e-05 -3.29124e-05   0.00404762

Mean:
 -9.52701 -0.407197  0.833514
Variance:
 8.49728e-05 -4.60877e-06 -0.000208471
-4.60877e-06  5.72738e-06  1.19611e-05
-0.000208471  1.19611e-05   0.00055714

Mean:
-8.77189 -1.21474 0.735811
Variance:
  0.00043515 -0.000220313 -0.000687639
-0.000220313   0.00012142  0.000355157
-0.000687639  0.000355157   0.00110945

Mean:
 -10.1427 -0.380361  0.563803
Variance:
 2.66187e-05 -2.06453e-06 -0.000158672
-2.06453e-06  6.77023e-06  2.28943e-05
-0.000158672  2.28943e-05   0.00131027

Mean:
 -10.2076 -0.223918   -3.0901
Variance:
 2.94871e-05  -1.3797e-06 -0.000367936
 -1.3797e-06  6.27895e-06  2.82481e-05
-0.000367936  2.82481e-05    0.0119018

Mean:
-9.49776 -0.75668 -3.62466
Variance:
 1.58925e-05  7.97765e-06 -7.34391e-05
 7.97765e-06  1.61086e-05 -4.77084e-05
-7.34391e-05 -4.77084e-05  0.000645408

Mean:
-10.4556 -1.19793  1.08703
Variance:
 5.10224e-06 -6.56824e-06 -2.07118e-05
-6.56824e-06  6.11728e-05  0.000176975
-2.07118e-05  0.000176975  0.000552068

Mean:
 -10.2173 -0.564587  -3.53879
Variance:
 8.21935e-06  2.43321e-07 -1.81218e-05
 2.43321e-07  6.27341e-06  2.68118e-06
-1.81218e-05  2.68118e-06  0.000345214

Mean:
 -8.58323  -1.22613 0.0574762
Variance:
 0.000849413 -0.000380868  -0.00148892
-0.000380868  0.000179487  0.000673902
 -0.00148892  0.000673902   0.00265125

Mean:
 -8.99338 -0.236033  -2.37544
Variance:
 6.62525e-05  8.70892e-06 -0.000229532
 8.70892e-06  1.16168e-05 -4.80931e-05
-0.000229532 -4.80931e-05   0.00111821

Mean:
  -10.2285 -0.0203414   -2.37759
Variance:
  5.9173e-06  1.96324e-06 -3.92306e-05
 1.96324e-06  6.38176e-06 -3.52749e-05
-3.92306e-05 -3.52749e-05  0.000924586

Mean:
 -8.74662 -0.455402  -2.41077
Variance:
 0.000315955 -7.24927e-05  -0.00103715
-7.24927e-05  2.82063e-05  0.000244678
 -0.00103715  0.000244678    0.0035606

Mean:
-9.65127 -0.18939  -3.1598
Variance:
 1.78178e-05 -5.71653e-06 -5.49872e-05
-5.71653e-06  1.20532e-05  9.79027e-06
-5.49872e-05  9.79027e-06  0.000380356

Mean:
 -8.95671 -0.420914  0.711139
Variance:
 0.000249246 -5.86024e-06 -0.000441515
-5.86024e-06  7.74684e-06  1.06596e-05
-0.000441515  1.06596e-05  0.000810452

Mean:
 -10.1515 -0.808621  -2.14531
Variance:
 5.19515e-06  8.40292e-07 -1.49913e-05
 8.40292e-07  1.57551e-05  2.63437e-05
-1.49913e-05  2.63437e-05  0.000324421

Mean:
 -10.5922 -0.481285  0.182778
Variance:
 9.26563e-06 -6.62378e-07 -2.27074e-05
-6.62378e-07  8.66501e-06  7.26516e-05
-2.27074e-05  7.26516e-05   0.00159843

Mean:
 -10.3912  -0.28527 -0.246642
Variance:
 6.13943e-06  1.26721e-06 -7.30321e-05
 1.26721e-06  5.19814e-06  -1.4396e-07
-7.30321e-05  -1.4396e-07   0.00314472

Mean:
 -8.76575 -0.383056  -1.57318
Variance:
 0.000133721  6.89957e-06 -0.000341874
 6.89957e-06  5.45352e-06 -1.67867e-05
-0.000341874 -1.67867e-05   0.00108263

Mean:
 -8.71599 -0.665777  -1.16764
Variance:
  0.00025784 -5.99089e-05 -0.000663553
-5.99089e-05  1.84782e-05  0.000157721
-0.000663553  0.000157721    0.0018704

Mean:
 -10.6239 -0.394684   -2.2522
Variance:
1.36521e-05 9.31529e-06 6.33886e-05
9.31529e-06 1.34045e-05 6.08985e-05
6.33886e-05 6.08985e-05 0.000681221

Mean:
 -10.6147  -1.21927 -0.131832
Variance:
4.34294e-06 3.93571e-06 2.17734e-05
3.93571e-06 2.98631e-05 0.000138671
2.17734e-05 0.000138671  0.00078841

Mean:
-8.70439 -1.23426 -2.58411
Variance:
 8.48543e-05 -5.00687e-05 -0.000258024
-5.00687e-05  3.83221e-05   0.00017064
-0.000258024   0.00017064   0.00124063

Mean:
    -10.4   -0.2327 -0.583569
Variance:
 3.51498e-06 -7.25688e-07   -7.017e-06
-7.25688e-07  1.21872e-05 -2.46153e-05
  -7.017e-06 -2.46153e-05  0.000390956

Mean:
 -10.6389 -0.465165  -1.26101
Variance:
9.29837e-06 5.77292e-06 8.63229e-05
5.77292e-06 8.69861e-06 8.62322e-05
8.63229e-05 8.62322e-05  0.00314574

Mean:
 -10.5357 -0.579171  0.651229
Variance:
6.00206e-06 7.01544e-07  -4.457e-07
7.01544e-07 1.48679e-05 0.000107543
 -4.457e-07 0.000107543  0.00143313

Mean:
-9.18445 -1.23315 -3.53177
Variance:
 1.97218e-05 -1.24478e-05  -8.0963e-05
-1.24478e-05  2.36824e-05  5.76575e-05
 -8.0963e-05  5.76575e-05   0.00104996

Mean:
 -8.78862 -0.342013  -1.32313
Variance:
 0.000214498  2.37559e-05 -0.000600085
 2.37559e-05  1.16398e-05 -7.07421e-05
-0.000600085 -7.07421e-05   0.00178312

Mean:
 -8.81275 -0.922167  0.201508
Variance:
  0.00065429 -0.000199716  -0.00123253
-0.000199716    7.204e-05  0.000383993
 -0.00123253  0.000383993   0.00235943

Mean:
 -10.4235 -0.218246 -0.605685
Variance:
  3.8426e-06  9.32809e-07 -6.30738e-06
 9.32809e-07  4.07743e-06 -1.35717e-05
-6.30738e-06 -1.35717e-05  0.000841954

Mean:
-9.64206 -1.22638 -3.77514
Variance:
 8.08907e-06 -1.21987e-06 -2.71709e-05
-1.21987e-06  8.19968e-06  1.97764e-05
-2.71709e-05  1.97764e-05  0.000330252

Mean:
 -8.82527 -0.811713  -3.28545
Variance:
 2.86404e-05 -5.35975e-06 -9.03163e-05
-5.35975e-06  8.88058e-06  1.26292e-05
-9.03163e-05  1.26292e-05  0.000616028

Mean:
 -9.72417 -0.185656  -3.14865
Variance:
 9.43717e-06  3.22782e-06  -1.9746e-05
 3.22782e-06  1.06844e-05 -6.62653e-06
 -1.9746e-05 -6.62653e-06   0.00016508

Mean:
 -8.75893  -1.22638 -0.515601
Variance:
 0.000227521 -9.07854e-05 -0.000483424
-9.07854e-05  4.32492e-05  0.000195284
-0.000483424  0.000195284   0.00107908

Mean:
 -9.14807 -0.147365  -2.70326
Variance:
 0.000175178   5.0738e-05 -0.000746726
  5.0738e-05  2.69562e-05 -0.000222721
-0.000746726 -0.000222721   0.00361681

Mean:
 -8.83637 -0.371592  -3.07363
Variance:
 0.000106402 -5.32723e-07 -0.000342051
-5.32723e-07  6.38408e-06 -7.71554e-07
-0.000342051 -7.71554e-07     0.001701

Mean:
  -10.7116   -1.22474 -0.0561644
Variance:
8.51492e-06  1.4154e-05  5.7335e-05
 1.4154e-05 6.38412e-05 0.000239307
 5.7335e-05 0.000239307   0.0010129

Mean:
 -10.5674 -0.890419 -0.140804
Variance:
 5.32793e-06 -2.00096e-06 -1.66959e-05
-2.00096e-06  1.40726e-05  7.73615e-05
-1.66959e-05  7.73615e-05  0.000622086

Mean:
 -8.74125 -0.489549  -2.71165
Variance:
 8.58581e-05 -1.14375e-05 -0.000313497
-1.14375e-05  7.00848e-06  4.55445e-05
-0.000313497  4.55445e-05   0.00157901

Mean:
 -10.3565 -0.157196  -2.55164
Variance:
  4.9472e-06 -9.73148e-07 -1.56818e-05
-9.73148e-07  1.80058e-05 -2.50011e-05
-1.56818e-05 -2.50011e-05  0.000896499

Mean:
 -10.6752 -0.251276 -0.700872
Variance:
 3.06855e-06  1.14787e-07  1.08245e-05
 1.14787e-07   5.1704e-06 -2.52269e-05
 1.08245e-05 -2.52269e-05  0.000730419

Mean:
 -9.72722 -0.779041   1.17021
Variance:
 5.30652e-05 -2.55269e-05 -0.000141748
-2.55269e-05  1.94912e-05  7.54823e-05
-0.000141748  7.54823e-05  0.000422235

Mean:
 -9.90026 -0.273424 -0.196162
Variance:
 3.61471e-05  5.93365e-06 -0.000173307
 5.93365e-06  4.55396e-06 -2.86792e-05
-0.000173307 -2.86792e-05  0.000953975

Mean:
-8.78849 -1.24624 -1.58321
Variance:
 0.000128724 -6.97319e-05 -0.000366972
-6.97319e-05   4.9525e-05  0.000226163
-0.000366972  0.000226163   0.00120587

Mean:
-10.6294 -1.23955 0.453686
Variance:
8.13689e-06 1.16292e-05 4.16236e-05
1.16292e-05 0.000104602 0.000338673
4.16236e-05 0.000338673  0.00117659

Mean:
   -9.00816 -0.00712579    -1.11553
Variance:
 9.09723e-05  1.80484e-05 -0.000282669
 1.80484e-05  7.77451e-06 -6.20157e-05
-0.000282669 -6.20157e-05   0.00102948

Mean:
 -10.5946 -0.325992  -2.28745
Variance:
 4.91609e-06 -3.78105e-07  2.69773e-05
-3.78105e-07   4.7052e-06 -2.26249e-05
 2.69773e-05 -2.26249e-05   0.00222095

Mean:
-10.8035 -1.21687 -2.53254
Variance:
1.06184e-05  2.9492e-06 1.07831e-05
 2.9492e-06 2.20679e-05 0.000121378
1.07831e-05 0.000121378  0.00121333

Mean:
  -10.629 -0.252008  -0.67487
Variance:
 3.89989e-06 -1.63259e-06  1.31362e-05
-1.63259e-06  6.71562e-06  1.05846e-05
 1.31362e-05  1.05846e-05   0.00203631

Mean:
 -10.5151 -0.283416  -2.18592
Variance:
 4.34685e-06  1.29604e-06 -3.35612e-05
 1.29604e-06  9.67307e-06 -7.49387e-05
-3.35612e-05 -7.49387e-05   0.00394146

Mean:
 -10.1979 -0.411112  0.731781
Variance:
 1.82816e-05 -2.90231e-06 -0.000105992
-2.90231e-06   7.1219e-06  2.74153e-05
-0.000105992  2.74153e-05  0.000917813

Mean:
-10.4736 -1.22698 -2.08946
Variance:
4.91457e-06 3.99538e-06 9.26857e-06
3.99538e-06 2.43568e-05  6.6623e-05
9.26857e-06  6.6623e-05 0.000291633

Mean:
 -10.3833 -0.206817  -1.78362
Variance:
 6.84411e-06 -8.02761e-07  2.30972e-05
-8.02761e-07  4.53793e-06 -2.12215e-05
 2.30972e-05 -2.12215e-05   0.00109786

Mean:
 -10.5743 -0.655899  0.413357
Variance:
6.50387e-06 2.70469e-06 1.60948e-05
2.70469e-06 1.47896e-05 7.84486e-05
1.60948e-05 7.84486e-05 0.000851167

Mean:
 -8.65983  -1.23909 -0.176845
Variance:
  4.6639e-05 -1.70641e-05 -8.03602e-05
-1.70641e-05  2.31804e-05  4.12264e-05
-8.03602e-05  4.12264e-05  0.000164272

Mean:
 -8.77716 -0.356803  -1.48843
Variance:
 0.000179452  2.56134e-05 -0.000513059
 2.56134e-05  1.07197e-05 -7.58369e-05
-0.000513059 -7.58369e-05   0.00162178

Mean:
-10.1674 -1.24289 -3.47277
Variance:
 8.47458e-06 -7.93195e-06 -5.02448e-05
-7.93195e-06  4.29375e-05  0.000228692
-5.02448e-05  0.000228692   0.00177899

Mean:
 -10.4268  -0.19676 -0.767628
Variance:
 5.69368e-06  1.88492e-06 -1.18764e-05
 1.88492e-06  5.63465e-06 -3.92354e-05
-1.18764e-05 -3.92354e-05   0.00175621

Mean:
 -10.6301 -0.457655  -2.54418
Variance:
  5.5917e-06 -9.87192e-08  6.64034e-05
-9.87192e-08  6.80417e-06 -4.07826e-05
 6.64034e-05 -4.07826e-05    0.0131609

Mean:
 -9.12801 -0.442343  0.849838
Variance:
 0.000105894 -6.42519e-06 -0.000200331
-6.42519e-06  8.04136e-06  1.35819e-05
-0.000200331  1.35819e-05  0.000406497

Mean:
  -8.7804 -0.346313  -1.75183
Variance:
 4.48408e-05  -1.4554e-05 -0.000114787
 -1.4554e-05  1.25127e-05  3.86528e-05
-0.000114787  3.86528e-05  0.000394645

Mean:
-10.7752  -1.2385 0.249522
Variance:
1.93745e-05 4.63409e-05 0.000175664
4.63409e-05 0.000178252  0.00065084
0.000175664  0.00065084  0.00249653

Mean:
-8.82431 -1.22158 -0.55695
Variance:
 0.000325812 -0.000198062 -0.000800102
-0.000198062  0.000132469  0.000498503
-0.000800102  0.000498503   0.00202488

Mean:
 -10.6877  -1.22107 -0.436795
Variance:
6.09287e-06 1.50571e-05 5.84581e-05
1.50571e-05 8.89139e-05 0.000326434
5.84581e-05 0.000326434  0.00129914

Mean:
 -10.3407 -0.174567  -2.69184
Variance:
 7.05427e-06  4.70694e-06 -0.000118944
 4.70694e-06  1.62875e-05 -0.000222576
-0.000118944 -0.000222576   0.00620454

Mean:
-9.08025 -0.38758 0.488899
Variance:
   0.0001368 -3.54558e-07 -0.000278155
-3.54558e-07  7.13479e-06   1.3087e-06
-0.000278155   1.3087e-06  0.000593419

Mean:
-10.6393 -1.21202 -2.34483
Variance:
5.83624e-06 1.30875e-05 8.48473e-05
1.30875e-05 0.000100971 0.000615035
8.48473e-05 0.000615035  0.00489775

Mean:
  -10.8645   -1.23136 -0.0565531
Variance:
1.11706e-05 3.88739e-06  2.1361e-05
3.88739e-06 2.24493e-05  7.2996e-05
 2.1361e-05  7.2996e-05 0.000308323

Mean:
  -10.325 -0.780054  -3.53413
Variance:
 1.66875e-05  1.14313e-06 -0.000158124
 1.14313e-06  6.82917e-06 -1.38374e-05
-0.000158124 -1.38374e-05   0.00280726

Mean:
  -9.3787 -0.216892  -3.37476
Variance:
   6.959e-05 -1.69088e-05 -0.000314768
-1.69088e-05  1.22921e-05  7.54974e-05
-0.000314768  7.54974e-05   0.00187925

Mean:
-9.29532 -1.23067 -3.67291
Variance:
 2.28422e-05 -1.05224e-05 -0.000121862
-1.05224e-05  1.39855e-05  8.78433e-05
-0.000121862  8.78433e-05    0.0012747

Mean:
 -8.73148 -0.409983  -2.18315
Variance:
 4.83253e-05 -2.43599e-06 -7.36136e-05
-2.43599e-06  4.36968e-06  2.23044e-06
-7.36136e-05  2.23044e-06   0.00021332

Mean:
 -10.3537 -0.164944  -2.54827
Variance:
 8.66263e-06  3.36125e-06 -5.29904e-05
 3.36125e-06  7.71693e-06 -4.04192e-05
-5.29904e-05 -4.04192e-05   0.00122311

Mean:
 -8.77985  -1.14374 0.0680991
Variance:
 0.000231264 -0.000121464 -0.000478641
-0.000121464  7.38627e-05  0.000260593
-0.000478641  0.000260593   0.00103322

Mean:
 -9.53373 -0.693867  -3.58229
Variance:
 5.25159e-05 -9.21994e-07 -0.000262446
-9.21994e-07  6.62342e-06  8.27256e-06
-0.000262446  8.27256e-06   0.00209245

Mean:
-10.5953  -1.1092 -2.68564
Variance:
1.91305e-05 1.25358e-05 9.47833e-05
1.25358e-05 2.35434e-05 0.000148571
9.47833e-05 0.000148571  0.00173272

Mean:
-10.5824  -1.2118 -1.93364
Variance:
3.73838e-06 3.98394e-07 9.04558e-07
3.98394e-07 1.17898e-05 1.40539e-05
9.04558e-07 1.40539e-05 0.000382357

Mean:
 -8.73121 -0.435983  -1.38912
Variance:
 0.000235207  1.53429e-05 -0.000630053
 1.53429e-05  1.07543e-05 -3.81919e-05
-0.000630053 -3.81919e-05   0.00178381

Mean:
 -8.91127 -0.291168 -0.277754
Variance:
 0.000760792  9.20101e-05  -0.00177643
 9.20101e-05   1.8451e-05 -0.000215038
 -0.00177643 -0.000215038   0.00418024

Mean:
-10.8277 -1.20853 -2.69803
Variance:
 1.15871e-05 -7.27045e-06  5.46312e-06
-7.27045e-06  2.38116e-05  5.32195e-05
 5.46312e-06  5.32195e-05  0.000328382

Mean:
-9.62045 -0.62902 -3.58845
Variance:
 1.12239e-05  -1.0741e-06 -4.17736e-05
 -1.0741e-06  8.56755e-06   3.4382e-05
-4.17736e-05   3.4382e-05  0.000603892

Mean:
 -10.5317 -0.535775  0.613904
Variance:
 6.05542e-06 -2.91889e-07 -5.16227e-06
-2.91889e-07  1.22876e-05  9.15728e-05
-5.16227e-06  9.15728e-05   0.00149776

Mean:
-8.95736 -0.36682  0.35939
Variance:
 0.000345818    1.071e-06 -0.000678984
   1.071e-06  7.80225e-06 -5.65865e-07
-0.000678984 -5.65865e-07   0.00136681

Mean:
-8.55537 -1.23421 -2.53644
Variance:
 2.98168e-05 -1.87914e-05 -0.000101198
-1.87914e-05   2.0556e-05  8.16715e-05
-0.000101198  8.16715e-05  0.000467506

Mean:
 -8.72291 -0.458346 -0.760921
Variance:
 5.27393e-05 -2.56764e-06 -0.000117586
-2.56764e-06  4.59547e-06  6.20928e-06
-0.000117586  6.20928e-06  0.000350544

Mean:
 -8.72179  -1.21707 0.0543099
Variance:
0.000591585 -0.00029141  -0.0011295
-0.00029141 0.000155366 0.000565802
 -0.0011295 0.000565802  0.00218946

Mean:
 -10.4417 -0.225361 -0.662773
Variance:
 4.65279e-06  6.56836e-07 -5.22185e-05
 6.56836e-07   5.0769e-06  1.38126e-06
-5.22185e-05  1.38126e-06   0.00157469

Mean:
  -9.4072 -0.608565   1.09369
Variance:
 0.000193754 -3.61267e-05 -0.000408785
-3.61267e-05  1.25208e-05  7.90556e-05
-0.000408785  7.90556e-05  0.000886228

Mean:
 -10.5886  -1.21165 -0.906323
Variance:
 4.8181e-06 1.29184e-05 5.00994e-05
1.29184e-05 0.000117007 0.000484396
5.00994e-05 0.000484396  0.00216711

Mean:
 -10.8332  -1.22562 -0.347392
Variance:
1.19062e-05 1.85446e-05 8.13064e-05
1.85446e-05 6.81277e-05 0.000296811
8.13064e-05 0.000296811  0.00143405

Mean:
 -9.59862 -0.196691  -3.21477
Variance:
  2.0697e-05  8.52514e-06 -6.58116e-05
 8.52514e-06  1.12306e-05 -2.65505e-05
-6.58116e-05 -2.65505e-05    0.0003353

Mean:
 -8.76406 -0.499534  0.516366
Variance:
 0.000399743 -3.56193e-05 -0.000684238
-3.56193e-05  1.19725e-05  6.37063e-05
-0.000684238  6.37063e-05   0.00119848

Mean:
  -9.07514 -0.0661269   -2.39026
Variance:
 9.71115e-05  2.58025e-05 -0.000336175
 2.58025e-05   1.2973e-05 -9.42445e-05
-0.000336175 -9.42445e-05   0.00147775

Mean:
  -8.8707 -0.292534  -1.76766
Variance:
 5.96349e-05   2.8405e-06 -0.000138559
  2.8405e-06  4.79475e-06  -5.2125e-06
-0.000138559  -5.2125e-06  0.000660578

Mean:
 -8.79633 -0.361149   -0.2991
Variance:
 0.000191618 -1.80795e-05 -0.000432306
-1.80795e-05   6.2742e-06  4.21165e-05
-0.000432306  4.21165e-05   0.00103192

Mean:
 -9.58894 -0.341894  0.481099
Variance:
 0.000239468  1.24757e-06 -0.000751189
 1.24757e-06  8.67214e-06 -1.46762e-06
-0.000751189 -1.46762e-06    0.0024392

Mean:
  -10.499 -0.430547  0.451144
Variance:
 6.57298e-06  3.56188e-07 -3.67751e-05
 3.56188e-07     6.39e-06  2.96022e-05
-3.67751e-05  2.96022e-05   0.00203747

Mean:
 -9.37833 -0.113948   -2.6454
Variance:
 3.86519e-05 -7.38369e-06 -0.000122359
-7.38369e-06  1.26335e-05  8.68468e-06
-0.000122359  8.68468e-06  0.000565423

Mean:
 -10.4073 -0.174923  -0.71171
Variance:
  5.5993e-06 -3.96687e-07 -9.72855e-06
-3.96687e-07  5.82841e-06 -3.86744e-05
-9.72855e-06 -3.86744e-05  0.000940495

Mean:
  -8.7753 -0.416528   -2.7566
Variance:
  0.00011844 -5.13625e-06 -0.000391561
-5.13625e-06  5.05393e-06  1.77652e-05
-0.000391561  1.77652e-05   0.00177777

Mean:
 -8.76682 -0.393281  -2.49978
Variance:
 0.000607286 -5.70547e-05  -0.00206384
-5.70547e-05  1.13457e-05  0.000198528
 -0.00206384  0.000198528    0.0073521

Mean:
  -10.2619 -0.0727237   -2.48467
Variance:
 2.26655e-05  1.52886e-05 -0.000126574
 1.52886e-05  1.68619e-05 -0.000107369
-0.000126574 -0.000107369   0.00106918

Mean:
 -8.82667 -0.358654 0.0240235
Variance:
 0.000143232 -2.66334e-06 -0.000292767
-2.66334e-06   4.9701e-06  8.68014e-06
-0.000292767  8.68014e-06  0.000643449

Mean:
 -10.6431 -0.560572  -2.23068
Variance:
3.94876e-06 8.36599e-07  5.7836e-06
8.36599e-07 7.82527e-06 4.60527e-05
 5.7836e-06 4.60527e-05 0.000831792

Mean:
 -9.35607 -0.506543 -0.938109
Variance:
 3.69347e-05  5.51605e-06 -0.000135799
 5.51605e-06  7.16092e-06 -2.57406e-05
-0.000135799 -2.57406e-05   0.00058878

Mean:
 -10.4529  -1.21862 -0.137421
Variance:
 3.64864e-06 -2.73315e-06 -1.11849e-05
-2.73315e-06  5.60169e-05  0.000155588
-1.11849e-05  0.000155588  0.000539391

Mean:
-8.83725 -0.31143 -2.51041
Variance:
  2.4292e-05  6.32131e-06 -6.94789e-05
 6.32131e-06  2.08705e-05 -3.73354e-05
-6.94789e-05 -3.73354e-05  0.000357083

Mean:
-8.81569 -1.23299 -3.43657
Variance:
  0.00012147 -4.94404e-05 -0.000427579
-4.94404e-05  2.91532e-05  0.000187338
-0.000427579  0.000187338   0.00188665

Mean:
 -9.79955 -0.266044  -3.59063
Variance:
 1.24496e-05  6.78775e-06 -4.77105e-05
 6.78775e-06  2.01825e-05 -1.52929e-05
-4.77105e-05 -1.52929e-05  0.000515621

Mean:
 -10.4696 -0.249639 -0.610333
Variance:
 3.31931e-06  2.76202e-07 -9.73558e-06
 2.76202e-07  5.97865e-06 -3.46378e-05
-9.73558e-06 -3.46378e-05   0.00108598

Mean:
  -9.09301 0.00554585   -2.10838
Variance:
 0.000596584  0.000165695  -0.00226913
 0.000165695   5.3695e-05 -0.000636539
 -0.00226913 -0.000636539   0.00882888

Mean:
-10.7363 -1.20948 -3.21475
Variance:
1.50698e-05 2.22925e-05 0.000190633
2.22925e-05 5.52134e-05 0.000414781
0.000190633 0.000414781  0.00494518

Mean:
 -9.73789 -0.707311  -3.57079
Variance:
 1.48131e-05  2.26003e-06 -7.08334e-05
 2.26003e-06  1.48368e-05  7.98995e-06
-7.08334e-05  7.98995e-06   0.00111757

Mean:
-8.77594 -0.36835 -2.34016
Variance:
 0.000190914  2.54831e-05 -0.000600826
 2.54831e-05  1.29299e-05 -8.20625e-05
-0.000600826 -8.20625e-05   0.00211169

Mean:
 -9.90279 -0.504885   1.01172
Variance:
 9.01932e-05 -1.96082e-05 -0.000347342
-1.96082e-05  1.02985e-05  8.18037e-05
-0.000347342  8.18037e-05   0.00140854

Mean:
 -8.81353 -0.343716  -2.13765
Variance:
 8.92827e-05 -5.24232e-06 -0.000247636
-5.24232e-06  8.76838e-06  1.10693e-06
-0.000247636  1.10693e-06  0.000889438

Mean:
-8.73342 -1.21348 -2.60102
Variance:
 3.96412e-05  -1.1764e-05 -0.000130999
 -1.1764e-05  1.04347e-05  4.29165e-05
-0.000130999  4.29165e-05  0.000642154

Mean:
 -8.74588 -0.488292  -2.76395
Variance:
7.35208e-05 -1.4271e-06 -0.00023024
-1.4271e-06  5.6404e-06 4.41015e-06
-0.00023024 4.41015e-06  0.00107141

Mean:
 -8.80339 -0.334623  -2.40277
Variance:
 0.000433107 -2.79986e-05  -0.00148339
-2.79986e-05  7.85962e-06  9.81468e-05
 -0.00148339  9.81468e-05   0.00542161

Mean:
  -10.565 -0.348234  -2.82716
Variance:
 4.66967e-06  1.05645e-06 -2.72743e-05
 1.05645e-06  9.34742e-06 -8.08641e-05
-2.72743e-05 -8.08641e-05    0.0429176

Mean:
 -10.0077 -0.529085   1.02788
Variance:
  3.2002e-05 -7.28727e-06 -0.000130789
-7.28727e-06  7.08117e-06  3.66021e-05
-0.000130789  3.66021e-05  0.000626295

Mean:
 -10.5939 -0.361991  -2.54088
Variance:
 5.13182e-06  9.90265e-07  2.15846e-06
 9.90265e-07  4.54441e-06 -1.77061e-07
 2.15846e-06 -1.77061e-07  0.000983193

Mean:
-8.59003 -1.24235 -3.37585
Variance:
 3.83038e-05 -1.31805e-05 -0.000105291
-1.31805e-05  1.28841e-05  4.47659e-05
-0.000105291  4.47659e-05  0.000466459

Mean:
  -8.7135 -0.540731  -0.44656
Variance:
 7.67191e-05 -1.40464e-05 -0.000165199
-1.40464e-05  1.39927e-05  3.80436e-05
-0.000165199  3.80436e-05  0.000391831

Mean:
-10.8418 -1.20077  -2.7035
Variance:
 4.70475e-06  1.22555e-07 -5.80163e-06
 1.22555e-07  1.36887e-05  9.76293e-05
-5.80163e-06  9.76293e-05   0.00131913

Mean:
-10.2682 -1.19616  1.18394
Variance:
 1.37559e-05  -2.7959e-05 -7.93808e-05
 -2.7959e-05  8.94742e-05  0.000239121
-7.93808e-05  0.000239121  0.000677408

Mean:
 -10.2981 -0.364256  0.425147
Variance:
 1.49541e-05  7.45806e-07 -9.74751e-05
 7.45806e-07   7.6009e-06 -8.15789e-07
-9.74751e-05 -8.15789e-07   0.00122221

Mean:
 -9.65493 -0.186699  -3.11505
Variance:
 4.26321e-05  1.79447e-07 -0.000364328
 1.79447e-07  6.07524e-06 -8.12837e-06
-0.000364328 -8.12837e-06   0.00454217

Mean:
 -10.5594 -0.449407  0.288543
Variance:
7.13096e-06   1.181e-06 1.09943e-05
  1.181e-06 8.91651e-06 3.51682e-05
1.09943e-05 3.51682e-05  0.00113768

Mean:
-8.70229  -1.2333 -2.78053
Variance:
 0.000143712 -0.000102613 -0.000520645
-0.000102613  8.89828e-05  0.000393608
-0.000520645  0.000393608   0.00214176

Mean:
 -9.15594 -0.569675   1.02961
Variance:
 0.000154866 -2.44929e-05 -0.000278194
-2.44929e-05     1.04e-05  4.53813e-05
-0.000278194  4.53813e-05  0.000523209

Mean:
  -8.8063 -0.880285  0.813356
Variance:
  0.00047709 -0.000141553 -0.000742116
-0.000141553  4.96034e-05  0.000224276
-0.000742116  0.000224276   0.00117584

Mean:
 -10.784 -1.20279 -1.96613
Variance:
9.39612e-06 3.90009e-06 3.86104e-06
3.90009e-06 8.79726e-06 1.93327e-05
3.86104e-06 1.93327e-05 0.000157945

Mean:
 -9.19378 -0.344758  0.533276
Variance:
0.000196865 -4.7673e-06 -0.00040436
-4.7673e-06 7.09057e-06 8.92704e-06
-0.00040436 8.92704e-06 0.000874113

Mean:
-10.5968 -1.21898 0.827268
Variance:
5.67936e-06 1.08436e-06 6.47876e-06
1.08436e-06 7.13357e-05  0.00020113
6.47876e-06  0.00020113 0.000629195

Mean:
-8.62777  -1.2224 -1.75968
Variance:
 5.15084e-05 -2.75027e-05 -0.000112302
-2.75027e-05  2.21749e-05  6.79029e-05
-0.000112302  6.79029e-05    0.0003481

Mean:
 -8.66826 -0.216072 -0.803568
Variance:
 0.000287677 -1.23845e-07 -0.000655746
-1.23845e-07  4.26412e-06  -1.6267e-07
-0.000655746  -1.6267e-07   0.00158085

Mean:
 -10.2787 0.0573567  -1.88232
Variance:
 4.17375e-05  3.93963e-05 -0.000512885
 3.93963e-05  4.67823e-05 -0.000558839
-0.000512885 -0.000558839   0.00765331

Mean:
 -9.44634 -0.483446 -0.887843
Variance:
 5.00483e-05  -7.1112e-06 -0.000160735
 -7.1112e-06  4.62675e-06  2.57719e-05
-0.000160735  2.57719e-05  0.000797773

Mean:
-8.8635   -1.21 1.17123
Variance:
 0.000213839 -0.000105079 -0.000297095
-0.000105079  5.88785e-05  0.000151276
-0.000297095  0.000151276  0.000427819

Mean:
 -10.2039  -0.24652 -0.595936
Variance:
 7.99131e-06 -1.14789e-06 -1.62516e-05
-1.14789e-06  3.52767e-06 -3.30279e-06
-1.62516e-05 -3.30279e-06  0.000355504

Mean:
 -10.3204 -0.232475  -0.68641
Variance:
 9.22211e-06  6.83902e-06 -0.000113327
 6.83902e-06   1.1927e-05 -0.000128505
-0.000113327 -0.000128505   0.00475314

Mean:
 -9.02254 0.0254019  -1.30664
Variance:
 0.000514059  0.000116547  -0.00162643
 0.000116547  3.33484e-05 -0.000366973
 -0.00162643 -0.000366973   0.00535585

Mean:
 -9.63903 -0.306803    0.2161
Variance:
 4.78348e-05  2.18242e-07    -0.000158
 2.18242e-07  4.10597e-06 -4.07931e-07
   -0.000158 -4.07931e-07   0.00068975

Mean:
-10.6463 -0.66441  -2.1422
Variance:
 9.0116e-06 7.31303e-06 4.11243e-05
7.31303e-06 1.65248e-05 7.12536e-05
4.11243e-05 7.12536e-05 0.000880077

Mean:
 -8.6961 -1.22785 -3.42759
Variance:
 7.81803e-05 -3.53439e-05 -0.000273777
-3.53439e-05  2.54168e-05  0.000123688
-0.000273777  0.000123688   0.00158695

Mean:
 -10.828 -1.23932 0.243424
Variance:
4.07342e-05 0.000107098 0.000386032
0.000107098 0.000338586  0.00119965
0.000386032  0.00119965  0.00435942

Mean:
 -9.90386 -0.186396  -3.10768
Variance:
  4.5931e-05 -1.09086e-05 -0.000413922
-1.09086e-05  1.16354e-05  0.000115506
-0.000413922  0.000115506   0.00588449

Mean:
 -9.95593 -0.167506  -2.61298
Variance:
 1.32985e-05  9.53829e-06 -8.87854e-05
 9.53829e-06  1.68165e-05 -9.27744e-05
-8.87854e-05 -9.27744e-05    0.0010533

Mean:
 -10.0998 -0.237992  -3.41106
Variance:
 6.49884e-06  -1.2489e-06 -8.83094e-06
 -1.2489e-06  1.78309e-05 -3.55282e-05
-8.83094e-06 -3.55282e-05  0.000378709

Mean:
 -10.1538 -0.470271  -3.52508
Variance:
 9.89203e-06   4.2199e-07 -9.89939e-05
  4.2199e-07  7.04482e-06  5.67251e-06
-9.89939e-05  5.67251e-06    0.0164535

Mean:
 -10.0049 -0.185776  -2.84947
Variance:
 7.77412e-06  1.23058e-06 -3.43514e-05
 1.23058e-06    5.692e-06 -1.05556e-05
-3.43514e-05 -1.05556e-05  0.000509768

Mean:
 -8.73146 -0.655962  0.576234
Variance:
 0.000207166 -2.80694e-05 -0.000332618
-2.80694e-05  1.53903e-05  4.92278e-05
-0.000332618  4.92278e-05  0.000553058

Mean:
-8.86443  -1.2312 -3.74877
Variance:
 0.000341397 -0.000121134  -0.00132814
-0.000121134  5.25664e-05  0.000489614
 -0.00132814  0.000489614   0.00573245

Mean:
 -9.01977 -0.196198  -2.65752
Variance:
 6.01062e-05  4.93197e-06 -0.000234847
 4.93197e-06  5.40556e-06 -1.93912e-05
-0.000234847 -1.93912e-05   0.00154477

Mean:
-8.76968 -1.23959 -3.04232
Variance:
 5.23866e-05 -2.97919e-05  -0.00014871
-2.97919e-05  3.83092e-05  0.000105499
 -0.00014871  0.000105499   0.00060513

Mean:
 -8.75157 -0.485293  -1.95398
Variance:
 2.35327e-05  2.99502e-06 -5.55991e-05
 2.99502e-06    1.559e-05   1.8276e-06
-5.55991e-05   1.8276e-06  0.000210691

Mean:
  -8.756 -0.40499  -1.5006
Variance:
 9.60653e-05 -1.22194e-05 -0.000264766
-1.22194e-05   6.1552e-06  3.38674e-05
-0.000264766  3.38674e-05  0.000913992

Mean:
 -8.82296 -0.496679    -3.244
Variance:
 0.000398613 -8.67495e-05  -0.00156096
-8.67495e-05   2.7167e-05  0.000354634
 -0.00156096  0.000354634   0.00670059

Mean:
 -8.73505  -1.00047 -0.318041
Variance:
 0.000520313 -0.000202323  -0.00111107
-0.000202323   9.5918e-05  0.000445234
 -0.00111107  0.000445234   0.00242772

Mean:
 -9.63137 -0.183067  -3.09669
Variance:
 0.000134721  3.24606e-06 -0.000954658
 3.24606e-06  7.95098e-06 -2.04289e-05
-0.000954658 -2.04289e-05   0.00880908

Mean:
 -8.75072 -0.618995   -1.9227
Variance:
 8.10095e-05 -1.06644e-05 -0.000249418
-1.06644e-05  5.96165e-06  3.34734e-05
-0.000249418  3.34734e-05  0.000995664

Mean:
 -8.8385 -1.19492 -2.28437
Variance:
 0.000106652 -5.77272e-05 -0.000371954
-5.77272e-05  3.99758e-05   0.00022624
-0.000371954   0.00022624   0.00168815

Mean:
-10.5072    -0.49 0.631144
Variance:
 6.41692e-06     1.68e-07 -5.08224e-06
    1.68e-07  1.04362e-05  5.61424e-05
-5.08224e-06  5.61424e-05    0.0010999

Mean:
 -10.3223 -0.182344  -2.76707
Variance:
 1.45048e-05 -6.10671e-07 -8.59611e-05
-6.10671e-07  5.18487e-06  2.75286e-06
-8.59611e-05  2.75286e-06   0.00126223

Mean:
 -9.65099 -0.303945   0.19812
Variance:
 0.000122136 -5.24133e-06 -0.000421421
-5.24133e-06  1.03984e-05  1.50612e-05
-0.000421421  1.50612e-05   0.00155808

Mean:
 -10.4061 -0.218431 -0.604838
Variance:
 5.56868e-06  3.93872e-06 -7.90543e-05
 3.93872e-06  9.13367e-06 -0.000117835
-7.90543e-05 -0.000117835   0.00275514

Mean:
 -9.37529 -0.817281   1.14947
Variance:
 6.28611e-05 -2.40783e-05 -0.000120263
-2.40783e-05  1.45729e-05  5.02525e-05
-0.000120263  5.02525e-05  0.000252863

Mean:
 -10.3469 -0.141782  -2.44078
Variance:
 4.90931e-06   6.0251e-07 -8.90019e-06
  6.0251e-07  1.81624e-05  -4.6264e-05
-8.90019e-06  -4.6264e-05  0.000380623

Mean:
-8.76702 -1.08999 -2.83623
Variance:
 0.000145251  -2.6749e-05 -0.000467361
 -2.6749e-05  1.13037e-05  9.48753e-05
-0.000467361  9.48753e-05   0.00184108

Mean:
 -10.3381 -0.134485   -2.4802
Variance:
 7.74803e-06  1.89481e-06 -8.91835e-05
 1.89481e-06  5.35626e-06 -5.67392e-05
-8.91835e-05 -5.67392e-05   0.00482308

Mean:
 -10.5775 -0.509408  -2.92885
Variance:
 7.12123e-06  7.43356e-07 -1.13417e-05
 7.43356e-07  6.74824e-06  5.53765e-05
-1.13417e-05  5.53765e-05   0.00666311

Mean:
 -10.3822 -0.493371   -1.0318
Variance:
 4.74138e-06 -1.88735e-06 -2.59943e-05
-1.88735e-06   6.4691e-06  6.74544e-06
-2.59943e-05  6.74544e-06   0.00148214

Mean:
 -10.5967 -0.338985  -2.18997
Variance:
 3.5207e-06 5.63623e-08 3.51028e-06
5.63623e-08 4.18656e-06 7.82253e-06
3.51028e-06 7.82253e-06  0.00057442

Mean:
 -9.59244 -0.367835  0.662691
Variance:
  0.00020054 -4.62586e-06 -0.000588602
-4.62586e-06  7.46031e-06  1.69371e-05
-0.000588602  1.69371e-05   0.00178424

Mean:
-10.7752 -1.24142 0.252417
Variance:
1.47931e-05 3.07734e-05 0.000112358
3.07734e-05 0.000125622 0.000442345
0.000112358 0.000442345  0.00166373

Mean:
 -10.5866 -0.888035 -0.244528
Variance:
 8.13544e-06  4.09669e-07 -3.49705e-07
 4.09669e-07  5.97073e-05   0.00039901
-3.49705e-07   0.00039901   0.00314846

Mean:
 -10.4857 -0.315575 -0.308234
Variance:
 1.29971e-05 -1.58328e-06 -0.000192532
-1.58328e-06  5.77045e-06  4.46065e-05
-0.000192532  4.46065e-05   0.00536258

Mean:
-9.65228 -1.23745   -3.594
Variance:
 2.44066e-05 -8.58063e-06 -0.000144264
-8.58063e-06   1.2549e-05  6.76254e-05
-0.000144264  6.76254e-05   0.00158362

Mean:
-9.69088 -1.21824  1.12311
Variance:
